72974
270867735
25617233
555333688
118408745
32313820
61289392
258844547
22301741
158920480
15068536
26575337
8755772
41498139
38297890
426048862
512548692
123802960
467679809
364083931
7093212
140847478
118321535
185046992
203753422
428763689
17517565
297078364
127769000
20290224
62453394
44085340
148806435
194760592
20495174
41395893
110331646
364746130
440288847
33020065
20475350
51063667
346018154
99867706
40587394
418470276
506458418
199811548
23258018
309243451
535212596
166739762
151597365
331044904
97037006
34554521
525881165
26065154
162665651
438558209
55015319
393713558
320918619
255641671
526992225
246598304
145336612
274766342
17938468
296216073
319648327
272459345
1711451
50002463
252129901
14744032
31062309
402855586
113633105
224306714
362173209
40434241
251891884
190957611
17684332
319137691
160344565
150856762
273695168
470744167
21851890
25198067
75965224
147993769
147563072
20819602
199968381
365295739
6053582
177461030
97036475
319695297
379031414
133788216
171422127
220494680
279728843
430579389
15321170
31538421
126490606
510425787
79581717
295663086
307988483
95540611
17711014
150511677
302947882
20503995
101107812
47569409
379377021
73954448
174080876
283347891
189334758
500286750
243211931
535459379
52989710
81030489
18158500
350508155
465414690
489971999
288841543
257933637
458341610
192037413
31217046
387305169
328643106
523664991
319987685
278866735
22897766
125842468
186914308
483704316
170214589
18954369
94462049
25522237
526689740
33819551
221162012
354378044
197618557
283368301
16482393
83561649
92929044
348899347
124279729
482368301
236946858
285767514
506063403
414148416
468057314
375813184
522873619
474374255
428186223
389089976
373481542
118451298
91004493
268876919
279360686
49221113
336958044
14499127
434695140
121610014
19420082
89991483
173826324
141373286
451031281
90787275
396038993
230942182
100336581
15187067
24800122
238703048
494913353
30807970
46260911
79185837
20359781
183143445
188374092
375959476
272734858
92246478
451883233
254837642
51781996
278286687
312915185
93923056
123161418
236447296
324178765
223369717
306023079
18123104
208678062
24275046
45863536
291210636
186519589
403159295
431694693
43614909
192012628
141380382
26103051
18769059
21363027
49282285
18559288
491560534
21129091
490511721
21705130
66183198
286375309
458751074
274647568
42792184
247454961
18683235
391561256
18670912
76548242
268907935
268841225
123743369
266644590
179355763
19276406
218343548
16293285
19084174
66294007
389911654
33620592
30156154
309393473
467099458
31525503
20814006
176930274
97366678
87034864
221463349
29229952
154783797
312173015
118902204
76393336
197927392
263215433
24730756
141584908
482334322
362766503
69935816
33917017
101310789
257712452
28539301
414732639
408184621
25284524
28483899
138175799
410266350
135657588
555304230
185154825
114638448
399179457
465109417
25951504
99810173
39590160
18044793
213785692
19672596
375342331
19575884
54085716
239465333
20068314
93773404
545753108
199495161
255790965
471357106
345128390
257732065
240936932
123028422
16971220
271847496
425512340
495687690
236548301
190040759
85447030
30694505
173730159
321190350
309633527
14414495
39776509
322069904
318114002
308933975
69777452
62932737
18231352
44434219
201708117
336746934
19195144
368009057
20516554
172307636
540206854
90827431
190381853
35632386
262381655
14628172
125789434
66000581
16223936
331279940
48652943
56109426
523651714
52841307
154227085
240405879
120550846
16013551
15379379
349145647
37287122
28660180
304239150
66386578
385845185
27733615
16540673
95476615
504798495
195554894
184655354
291758611
94147192
285538988
381914233
342296862
197375783
32207751
47034228
104460217
511250163
70410834
39072641
85645727
77320158
74921207
328506640
96069867
283202111
48249991
256376101
192483182
17619106
451176223
127989619
29403586
96714007
294463523
26043601
65169282
446629079
542837680
249858273
75362374
164507333
386051420
172817035
149171343
303003865
14268793
44773640
327037969
515030126
450183300
16893966
346208047
382370032
153277475
323059236
516684756
314738283
62485274
83620032
20827153
237108767
102107915
293221839
229589251
55774545
15450639
183432446
253608309
17854973
183673664
261628132
190784400
78110070
192506340
506374251
108555558
15195576
283717433
151466572
15419530
19597106
300957608
186398060
69412557
347891454
14592434
391151883
110975630
14818936
188047074
65527416
298295124
38219161
127575796
34222093
28807836
385723418
319757335
185888291
250722901
86108738
46569033
16855794
154728352
221554640
38006265
540262217
23383935
52060996
15848225
518845744
450577922
32932533
131579764
43380046
116296209
14203454
14579312
149182381
137468647
24599993
32415179
20007461
299167561
18406711
30298704
195621057
377899975
62579071
83534199
54068544
416385191
47886433
322957486
25614625
278563149
53989304
22264073
527039853
208211886
31493096
81526802
464694106
97238481
165949331
376709033
258842651
172768013
329533080
90941969
15257015
21687283
279954615
103622722
555279459
263831176
236926189
207509906
165611219
336714868
188037964
89874613
353464837
143648029
15393937
22534188
154667080
16976817
59901608
316600075
338875916
53952419
432784492
150384918
549632920
447577827
75835217
65936054
271263441
339968612
204845670
61259234
18515123
18181487
444617859
388062712
118762819
39624086
224849843
138639107
18443018
501312439
65624125
19735121
139316720
282861631
29144987
43601041
357402871
237829714
22705313
297395797
86975240
17119699
220430866
54843231
153635149
3646431
124342341
20264425
242109539
43762516
493155108
427036632
103920338
44166353
82739599
32270015
33350096
84052794
395504108
22231898
79366374
36495800
196587164
137833592
28770833
334450115
472199002
396948166
21891535
30501706
59146707
275643104
111985548
30007505
305511731
240242958
78765457
104019971
14098695
15678000
266507694
103673070
357367780
78348236
484813312
70782433
452631880
244145776
290930532
113187333
82507547
273543148
135058975
153861417
228518728
147389943
190667026
43121315
192171684
287474549
77128068
317885182
95964556
52180336
17746255
340681383
402970625
176579587
45837221
429287276
18816738
16444724
26227385
181670140
106477056
555350520
15611858
288739311
370387667
219716744
260758598
304939940
14180136
42683651
30980831
266701215
471261896
26659279
28734906
21624402
267716543
185012060
129623526
200518339
193636869
18662301
203679347
18499229
219413005
55949049
202899088
16644063
29840828
104991493
337748059
91684092
418722028
36463814
131377331
89728498
15448952
278289780
49279542
52904881
60242064
178528300
65505759
459660595
539167108
18483739
307667757
4270151
41869442
255399625
84159385
174574659
29347608
17451713
44274515
338682642
443556019
255562173
39642535
45922275
441324671
70414024
28474163
284946367
92064149
344825157
19536545
469401589
14641964
123021505
461486616
199072435
15043044
516992269
245083979
211287423
385518499
558569332
388332425
476455928
25491442
23541332
118158382
15228239
170400211
250130924
50686660
291941795
14301982
88535224
43969031
119427247
16173400
333700771
282237982
112815242
80720852
39849601
341315592
57661420
194331176
31021718
30680870
563351673
17621909
66173413
16512902
291994454
249934206
43917431
241616328
298698796
68553653
18349588
237423538
107303314
16855106
58799964
70829786
219767446
260523719
225534100
16937805
329399970
28651887
312113507
332184488
231605733
200667059
138892360
311058301
490989934
289961730
314738543
71739325
18965663
18757373
64214134
85454701
322059283
11794882
177687642
46535658
525952691
555574031
26315189
486829194
58416003
424038024
18708471
260790196
321533793
79726055
323637641
294228144
82301437
295113092
245564182
14726524
428570313
198283929
21979585
229531808
363331643
15787709
37101124
151935609
416709456
15479448
28795411
353183475
394807966
176529947
47678024
526698746
554965192
41560630
20189970
359711306
304550437
311843492
26317797
170435554
217115027
169836435
135582232
335005201
375949857
129128685
55807132
257162272
151741715
50695120
179706435
51085851
134916751
183103257
225169006
127572147
39278402
17725506
256798749
238576780
67999564
18256851
81931552
68800878
64557421
383909557
30369538
247799723
158272314
86472389
551390017
218576827
171604056
67649834
20192017
399886143
179423804
167194061
125543887
89345335
19409065
370912308
26147616
69583360
15244831
412701445
278170050
197287954
246480730
240977304
103358556
291414955
113471008
41380640
75453258
22404318
418604052
237730106
77081679
25917741
79464719
26185020
102394172
221817572
16752677
239438427
18821907
51121451
452631923
46645176
317388700
29625327
242313266
144927062
24105037
17767270
124646065
15703367
32855583
40529945
257284859
250161925
317186003
415909249
264316849
280190037
399680056
321204868
12482312
14115514
83987092
85592087
261747106
43494584
250087614
392473344
355152310
361680506
102246277
99158795
559994623
514766756
22909117
242498103
416658350
538389207
166775051
38381678
408722148
338795115
69188834
15041480
284489957
63630017
52772629
62655433
116560805
75342331
471549937
45889999
282388693
368943658
87708888
388140994
231337994
20070528
194198558
49801021
30401658
333119618
33488260
533561304
47752611
19877643
83514652
16063672
17833799
285235934
479024488
269045145
332946048
18892501
84094897
41533669
500536289
15779622
69463057
23206096
343868435
280204575
156913417
26073572
189429367
268459684
56248074
470314903
16958908
367646314
191251081
18997298
278151991
39319616
46822666
514594370
365247488
90722618
238621292
538143426
118932885
52455437
68102334
309740970
194312420
112172217
397664058
397722143
92352206
77116118
179550859
16266318
28682419
35806396
43933796
81501714
374631752
370893495
5538482
62869640
382684100
173371234
337761217
402699476
41907222
28422025
514550692
24252790
327515291
15035347
302358534
74812615
34390992
201657427
60146669
419036150
108467216
99885625
97395366
32748505
339941518
253823543
129902151
18743021
102868951
331037248
236810495
234582354
31245078
75862448
90678206
15519045
182282587
88868166
184097045
34395782
23868470
296511262
54731793
32947347
191533637
459524039
46530204
18750806
241904894
20961125
21019826
145769732
46901607
262449303
349416838
312352737
116871576
17631139
432918790
184109963
88371235
71176885
35112523
152490700
318604319
40895567
155312917
78054781
70915358
111457306
341465533
14882600
344884892
263182835
521170999
278298809
38782424
307147995
77896109
202377253
270341223
160847258
391774276
164920212
33432904
39856357
143493084
89827900
117438776
304417775
166896737
494671106
85579477
54158424
51476809
205367180
190474341
206217145
44303725
16045836
66156201
444387391
366599312
208599523
109308227
256346503
25005900
280338434
77492951
46821835
364011878
46699399
12517262
331374777
86201228
267720334
175869350
133603792
513798809
14113222
217071123
16445533
57439888
255822718
24539627
121354937
40141315
16926996
125938148
14977290
77603108
19490339
14792677
383768756
77426529
45901722
425225716
20482944
14596578
284679421
12616532
43554994
36303177
104956793
193188249
37918049
177671614
223688574
335320770
91006317
287037508
45984639
554988458
20173307
301845820
23850013
26697659
16507223
181449033
195720254
99897044
24240238
27056802
6966062
259866856
303543272
91841745
219605918
329804371
23614591
70053
107347772
15109716
40493388
106877723
21555789
41703181
28296969
280842610
559945662
275130714
81019052
217449211
250317615
476022252
259963031
48336721
127381503
341198567
188866859
62664061
283468843
14246303
32162529
446897410
23579214
129036365
15532316
23457755
185841336
399275195
90402779
357414777
18827028
251295046
7826492
172085031
15707278
390809116
37373729
259330334
19637761
271058805
357730275
20002123
20756861
230723222
106622649
12001292
256400576
40412730
145987948
112704475
52718358
174740080
483361561
370708942
18776128
60003995
366469082
259894005
365658620
291407825
90629654
340146118
552355026
61274761
328586266
23959422
305401286
15123332
284239057
46809129
50923208
9582372
227090991
92918151
130795546
388650933
254931794
172219384
521746689
111105847
14854775
21945359
223989343
163257434
171150669
15313289
277714755
177702356
85299838
444548335
240769735
40196232
456162676
282070327
62848121
203285767
23895317
118877162
84410020
164731069
473504413
402443720
33538829
19000236
14884718
27038761
14828358
303096322
21608228
328159428
36543946
26819461
222353841
269004208
134992998
30593037
190913931
25549905
273018987
195700517
68179571
229648304
329135489
17166739
310038413
21522091
164790796
11648692
22439582
429068735
55002654
436984783
82471917
247353370
270067269
490784310
379768375
113804010
21351301
20916081
15128907
17976798
277913856
47766237
315642377
529675691
528882073
16990131
24054374
982601
123356692
284929267
99362476
339542479
185563736
426968933
17734713
55137311
18653387
405979429
272653469
156370885
356674116
14539094
50233275
375452640
44779402
360974781
366293920
13322182
197280646
21523806
147255219
221900702
84619865
410339613
418985576
112569735
14412905
53190125
143036737
40549958
89462647
314904998
329576926
26095348
189485176
18072308
389863660
226575284
92824574
37455038
85906649
385813764
54393021
80335807
33008765
29328025
109985871
503292599
289910594
42482510
237409881
23172658
27744480
46541054
238012205
12564622
345050354
112431020
442566153
36814258
119506746
13810482
156784854
477300744
350939079
16406717
197446218
243574122
383842993
40893066
16602705
111372928
319005417
342939362
415859519
91504516
405927475
15609136
9217942
76574844
492257604
242779882
145921457
107751372
15491994
31627330
28964422
70486505
16450029
167623926
60019558
479222300
71387848
126253219
16057067
176512416
323053767
10233292
350638767
453295090
25948615
61093641
121324864
119239965
88725458
273549385
63333723
258830144
307651474
388769715
536342011
29236032
23900993
28372127
322985504
330237571
14995921
62610201
39960582
97695040
307690335
19398602
282677352
232291091
66615662
113782855
136338428
21249747
57745224
142128487
222965713
83451356
229548414
555682168
22467131
288686513
94340379
15413624
20955772
17145453
85854865
22884868
363922538
44438642
324608449
175303433
14218361
346788251
16144949
55571656
25740626
25182745
15902799
65843166
11744902
67368530
104568653
29346600
410469035
21404176
89627841
41199780
50201146
547315433
195670007
168909000
464951657
361584245
62008275
123674756
31021178
324660438
318889545
128774273
19422780
287869243
237511447
27919606
388383089
20238029
41413470
22028034
20050658
26969163
55505181
26829206
14498549
64370971
98918303
33481575
287991831
202888588
248751362
2777531
142026921
25530685
203042016
40100707
81278954
86755941
45058514
19616435
372073629
108908302
390953998
20159221
36331160
324654888
37752399
39272564
52524235
37397430
291220464
27430995
246125685
450402450
284903188
18729482
204937854
17055049
58533850
61778311
339600461
285910828
16900148
23733403
481188764
456211913
225067850
509257237
103524387
353370148
75202671
14397510
118801313
72525662
20993812
92757996
450952913
237935990
253260086
111443869
19549403
67605599
14804649
345839552
27507114
24362684
263964826
34497810
38090893
18735901
122794938
25905161
137494807
192006976
261661116
78726136
92578465
294803534
153655721
15823904
55171143
22217929
90661572
34106657
78417770
260800954
200606907
14113992
16488905
33149448
141241148
234461804
182430875
24833375
295533265
46480183
151716554
51106227
33848884
64209144
160152889
168084831
29793473
252867323
70561366
204550864
419105704
23314044
97335563
33688391
223483131
36593993
59162445
282638842
165580875
24328604
44235766
286625413
16543527
65409308
337324437
261874517
423901581
75363024
93983505
493415995
304316140
259454470
153932493
17788601
273773127
123414834
25211744
81696878
147287586
54439860
22731170
476289207
278920924
37696298
18791840
18274149
113360553
261074021
477145027
198662882
21048904
15792648
25518914
46582537
15100769
237304709
227011352
193330103
302386368
3587691
131282676
44475539
15165507
175282996
260125978
47257872
263353755
81909428
7721672
79255570
348883850
39212992
380748222
313522238
454573774
475296483
248478600
382345560
266976291
287330143
242656370
15204392
41585752
314701207
298397436
28683890
260429996
12764802
53134911
199975519
29393268
15107131
497314760
82389721
70183594
46409572
131299605
200243155
308361234
37886449
39494887
288594779
260417055
424582518
253717379
87573218
150784625
153642474
479947271
404565458
406550646
17005209
33398862
97742868
121177786
328352075
478972837
546606007
289772768
261226521
14142813
444929150
48249132
29302482
28406709
40437117
84207044
2418101
26138657
404914157
264953488
157008813
185808991
23800951
410271858
226305728
248767317
30057786
19176125
59112212
17117000
16718895
156749605
344335393
273782829
329744859
91044313
48001339
290269663
63981024
14050270
27634404
204751154
89497760
268159301
104254976
15707545
330216187
42720039
65643345
131661746
14762422
72573005
174429449
90468013
22373497
275187755
522931277
407063157
403423711
119696692
77823321
546487504
381570766
457382905
281635169
369834000
555461976
182206689
184552678
62643756
247471136
48648511
29391256
16862337
228166432
15131625
186985135
45429833
90835040
11973472
239915677
247042671
190173229
90079382
220060361
14861701
292527401
42516022
23989980
49204393
405459894
97713818
198500751
126334355
14696577
267507906
127619994
264045662
25254541
387710492
18379911
16543809
256685186
165786567
199692191
394443363
22798865
16049420
296386024
478125794
269247938
203995523
524352891
7724972
21627411
54438696
28225992
526921548
20041314
245526988
37301539
99602112
295415789
284674172
37928291
267979349
17955725
19568478
15059261
78957600
170921507
191372457
264288834
70518127
55374931
14727300
245093429
136278069
312838711
430598737
38835172
125680033
270398460
23165437
85706240
250900294
30298772
198716147
78937418
361994003
54529782
10416682
306239857
25824719
119544419
121616488
15396569
316837315
279622129
302291388
58697290
34013606
42423218
14311631
22331269
151023778
41013282
364243152
204424857
158263266
156748834
23845031
480587036
426378962
80468971
13290882
427602408
128206482
190152971
48465624
91912080
37450513
36148717
127934374
343768612
16277642
18708568
31756213
163716260
87040645
34985569
362767615
33963525
201253893
33408118
12494262
137389488
45427910
307737782
20430367
302026963
30387071
24143499
299183223
32562425
108110016
96886184
154033762
128564375
75370068
133486730
48855107
138114621
26954698
14873836
5924082
157010908
430388168
423165229
289091220
251906890
56091704
15025631
398476865
70679544
91434240
279257471
186052228
261553998
277863491
59497383
505390117
32574761
17660598
35383950
179021409
32294739
177370531
248793917
16456602
189210098
357316789
537693306
255373290
351660038
198767270
447305604
323443108
139966472
24802459
34929840
34859464
90504919
339497254
27770654
254055632
187259758
437089226
175108929
526133405
153216247
397012637
16160725
15481789
323201552
394084250
413359972
88875776
444182561
87305010
1579391
98919641
16253282
199806376
19773031
16286560
