9598
17284200
15112249
91279573
24928809
13753352
152341106
66476989
20055740
14313449
21586418
56712338
135032268
16027904
119135103
6480652
33584794
14245253
17813885
17623957
22592948
54546430
38269159
373471064
91353229
382966947
128956175
15726728
19494287
27152199
54043630
10078882
207632144
18622869
22055226
17547378
20772763
109973880
18755564
18327902
329330631
17227214
97701898
172479844
21209783
162124716
71070614
19705865
93714345
437699024
28205928
46006331
35094637
15397175
764464
15770447
159065451
50680206
16874875
19182978
37982492
27733550
456862468
18677075
56443153
13919072
498095362
17996177
81063628
198706982
59048820
180730848
27774100
17936793
7120172
465973
30704824
21097886
93049017
23122597
55307193
17610785
62905050
19739595
22565101
17266725
50352671
8453452
71091067
121839258
102238997
1652541
235446476
25308195
362051343
16547325
24243022
22479281
89545443
21163600
17045060
415851069
69111323
510501783
325633686
6054912
33998183
331211313
14498484
1586501
15691733
127695024
16057477
15633626
18144581
15519544
76966145
52544275
290192561
43626549
373573313
262799542
38190358
14278978
31034637
17905977
16825289
34690749
62325140
24341373
46710251
15165493
117674417
5802762
19151000
28184452
144380789
19715003
21638018
255869083
14246001
16213404
94628304
281530541
15389382
19519252
32981735
210933449
6206612
21454307
21786618
382380425
128265486
25458129
6351572
30488144
34050356
54682125
19314586
81372897
26727655
29723393
313916789
24838466
18278803
28729722
139918711
115749048
55748107
11640472
92771309
9867582
16098642
27109019
500042487
40125673
46366326
124196924
57084769
213969309
241272963
36376198
21599112
21181713
146329851
159894847
80676273
27823948
230377004
331658004
86823765
104936093
30109507
58322833
109118967
53810249
284616690
10350
18676177
34701524
441129326
28521141
24223641
14399483
29517812
14515734
191737201
267493154
102401151
143039548
26784273
10228272
23275004
5242
533408363
34789469
63827192
101802390
89898430
14497313
93906024
23261531
20632796
18588279
89787662
25677545
15820664
31080039
21301913
20282100
19437693
17357428
136135705
217546128
24922570
41441690
33150122
29212033
33898911
65127277
204386512
22430384
30418870
47646874
31652181
18648188
20757610
33924162
14957147
21323673
96669212
15728161
337886919
16364399
91409081
43955937
16674726
26200403
18732790
34741439
41213511
1857421
154639081
60704215
46731762
172049453
36711022
29546945
283133921
23827692
154714727
16741626
114798387
47717027
81709828
260463903
20402945
19918047
42076539
16271952
44970351
14092013
20344826
126722715
15102849
20567939
62513246
7092102
110895343
18646108
21094888
123081702
72515134
183310940
222368253
25419402
230845588
166673892
114589771
26208862
24989174
19312115
18647765
18888483
116710152
36072264
19524590
110783489
14662569
98252225
113211856
18570772
80638910
14645160
10436072
22723415
41135782
62209286
58561993
22516645
17229809
34678147
36511031
16668573
21586997
144376833
150800843
16373202
297422541
38524235
34407032
21879024
16060054
15513604
19202455
15812461
236709206
16633816
28628850
41691265
28192322
88758887
38002759
29993099
20333461
121258930
28204375
17121755
15443604
141303634
163680909
20136892
3530911
624413
277563320
70768470
28220400
46217688
16443393
19253334
31200707
372970352
17530721
22693053
69049453
18071209
108470765
16941646
71627462
300144530
14861285
22480867
14366976
16409285
166712218
160941691
17025323
16537989
52939106
16686144
35323981
22677790
29088322
34630995
341258707
15531582
16645589
30660048
16786977
19102410
195849631
28186838
17291393
20010173
166252256
182033179
76351820
65681358
146513211
31943671
33933259
47374533
188039706
20729576
18253799
74755679
28291139
112583927
1796811
17248121
88776580
59947068
1531101
3103641
142519598
36074927
16435731
12833212
199124129
94631526
62432717
2115091
67356177
87016990
15328942
1765921
22613907
14433891
430744802
19720019
14322409
16679681
139750288
21083496
36467493
19777398
18744189
95386370
24993400
116763916
11317392
42192966
103645701
35727265
23641580
163297524
16544024
15133767
130314799
33395719
299932350
15988527
133093395
33549103
22643137
16145224
15212604
16535953
249829509
22030225
20109973
14503291
164542425
8088112
122794139
58897829
169979375
183712785
23428171
195485269
288000034
24135382
16131833
25098482
2557521
102632870
148807607
117595754
14740219
42384760
116994659
15392053
25156826
16366474
44984488
205067241
16454856
17919972
16958346
16400030
78661722
38611183
22026934
15956067
19029871
161801527
123281817
22853963
170002596
20574354
15066271
28708146
120834390
19745224
41404125
48624947
14226882
23002923
22477940
109775248
232457513
22190469
14945261
270654014
287413569
17444764
93957809
20348431
21200516
52820773
14142946
41992038
17977714
17093148
303827856
160813248
21341094
180949358
165152266
16374678
16573745
44317593
35432131
36025553
146216301
610533
26320274
9508922
21447925
22255654
105715305
19592306
119463895
208711264
101311381
23472809
41600293
30814395
16258457
35777497
89151531
31779156
34988284
14922225
16760131
316756361
20193270
145019819
36771809
15858135
26910839
14708814
299926319
158129535
36452050
15741636
811377
44983234
161830936
15859268
353990363
501836993
76715323
14130784
18065572
15085591
586
17545498
19746268
21054053
141832160
350628549
20329672
194447068
237868194
20863936
17595439
15392391
29426580
24920395
115190619
137365854
15456558
249409411
67995848
446672326
17298058
259545849
22276141
29898542
72663616
59062375
27311044
74550725
30104231
232089835
246120229
151124949
75691804
15853668
2735631
115717640
14342564
22668242
1429761
16658390
16681542
50090898
81216996
28331519
13220962
213687893
5413042
562385224
14827241
3554721
262275490
18313747
22821175
36155311
218443914
126344860
16573941
268479992
14346186
30313925
40297195
221412285
386420143
19708968
13745872
235621834
18996905
15955769
19476868
52422085
68577152
51446354
19083469
29592491
297174372
1922861
14711282
44953111
2553151
18174607
184685070
21101923
15325142
275249591
217314248
14467688
19683967
20713061
15338492
19530134
14499829
19426729
24231531
15473591
24578634
19701628
19232587
41441059
18307364
231753473
31353077
26953493
44597453
488544008
19066345
17503180
280612866
84114313
278776049
142667433
153156412
36780720
17336372
20632528
21918310
72245548
39360648
37046756
42984662
248568377
236980532
17071370
20961788
276697454
327862439
17351972
18519661
153814508
21254264
108361327
9763482
49608424
15862891
53518563
18372111
91041006
276626552
86613184
14903310
199999865
15164565
19307712
115113945
49717501
104324908
21131816
16560657
19981142
33838201
14874125
10202
10203
17021844
512700138
20777047
171528238
19424182
50193
31685653
18963070
105215654
23156823
16745243
16583672
14493094
19921429
17493398
18713552
167939376
25870048
7713202
17544803
32156068
16022682
17316367
38282454
12340562
16065736
33792634
195814782
110203696
234467536
21447363
48623391
14745059
280629993
53153263
16727022
347877311
23482952
36916922
302288855
71413402
18058609
130997057
31486783
150120631
14897840
19982092
15224941
18016419
52012019
25333197
57111966
13613292
51492686
16512432
22440364
15143478
14589257
309366491
14710369
25246881
220804054
19357225
123417458
14199378
314553133
38974889
210185719
19742143
17976687
43553
21258217
21915474
68440549
27677483
27242126
494271956
61830970
78192935
14647570
236636515
151223147
73935943
31639623
375296026
18986524
16441489
103009843
179980928
18675582
109702885
18320606
174266952
93461826
39753512
21318788
24752484
19534873
17194349
127378940
17028405
6141832
19777078
259030794
468517832
161966800
15490533
54723180
14100010
71350774
195564343
34686205
369232105
78602972
222477210
153784150
41555830
23544596
25375962
40302362
163297163
24289021
18781641
18181482
19364978
18401667
267133196
65774480
1835411
37896651
22938914
41394034
11774052
30322151
18887526
16665516
277595625
18840445
19616718
33041426
15436856
14312841
57751453
19666861
16120265
16467567
224697103
7563792
357750891
46440103
767396
133790003
16657699
108638625
539462986
14089195
30354164
10102032
360396556
41906364
245229537
33756947
158284325
19540949
16089776
17416571
25970331
32954376
50769180
26853548
130465672
30013010
191477840
16432584
45075152
17211663
24119743
87144497
282637991
244404296
26173611
46423291
62581962
2837841
193095044
23511303
19962737
82726142
10886522
15811181
14397792
19817778
50393960
18102187
19934731
25053299
14777215
45374259
17243213
16498230
2367911
133880286
17810432
16421962
65467398
328594457
95955871
109065990
25787134
17753033
22790881
2869531
13192972
13496142
16832632
23804345
223970563
36159887
209994211
466200116
20091740
46477415
15578992
24741685
37605913
22421051
48951248
10779412
21664573
24044209
439779382
227390518
28895421
60694754
97564473
199006390
53882428
173885254
814760
20221159
5033381
14154272
29006114
35338217
37104266
2148071
108247668
22944753
118483749
14761739
33232300
233364902
7023592
11928542
20851642
227837742
231744293
17602896
88984727
14439168
26130127
11856892
393852070
21417687
35867690
20556752
263147920
29391321
21186125
134138907
27427798
27558050
17494348
19773713
59084143
18943058
15898172
18314308
19738801
19738805
90484508
9335002
112243614
19853312
3288371
15426856
15447248
20031296
17590516
69656547
1242511
21778154
1688171
19542638
28016036
39163475
480735701
15294801
19530289
23815359
14217022
18424591
69229833
124242102
8249832
23496501
16460393
1185971
18863867
9212982
87027640
15166316
260306257
116952434
40329236
34876970
23976386
14103554
39170683
3806441
34559099
71354375
161319475
19588385
55087998
16538186
73953536
48066178
30618930
32317533
18942977
31360279
211902633
14216203
40858764
275710913
22151193
49717874
18610793
6193182
14791918
293847863
24807616
221935098
16727535
16242081
91105535
30926148
44177383
13841712
7599192
15649433
21409342
15290441
22733967
28076891
18967418
274820615
16438248
14222486
99005675
16339780
30782495
80681990
17675120
55355654
14067246
34175976
176400389
17179368
552121630
41144996
24125760
105220344
48847011
18215973
13787402
9890492
20533562
21818737
504661025
18470958
18981325
25527966
398324331
16042794
8479062
26585095
499275959
9604032
13784642
16643805
244257590
330683316
155705264
236488883
18224194
81236738
30105662
14320551
156132825
8320242
13784322
15739966
14226495
129343479
151116933
33626894
44705716
20414967
26278266
28474662
21576334
18948541
62726872
87075439
260974901
174940279
14503124
7428362
17800215
86729029
37879200
90521461
398271367
41674821
18139329
14603081
19679461
17667742
20595739
783214
30205586
16619881
18269449
26116556
196917975
26830379
309146144
52471614
36414477
17596622
18251618
2713951
399444662
27443744
885611
96853313
27368199
272087341
111054412
16568227
15247902
15926905
43393435
164043817
16186995
19611483
21236244
19279990
217601661
246639380
17091688
259387453
16250230
137419464
120051559
42133371
94917610
19997104
94457225
292929561
115701937
23055689
280716675
55009164
37796974
137450696
6107422
21806473
20019468
138103554
13763552
200163448
36362259
14613514
114870386
19738459
317358163
307690179
106873819
14376953
20575752
229263840
35184346
29322917
29337732
103943552
20583390
30574546
27307810
12579252
123123116
14352556
97690357
408774041
256373594
18671559
713143
89478035
64488804
15738599
17501358
61691232
91208190
164691705
28845997
16081046
22234861
129646411
33329113
18682397
14353202
23532872
23016199
16367286
193968620
19184698
11522502
20195191
281217033
30734523
20050047
47438401
486153508
33966347
95731075
78684440
145725413
21312378
40076725
14740392
13493302
115302061
25082216
23911410
25093616
21525246
22509548
188591875
82992977
33390855
173480756
16303106
71023061
91441711
9212052
59659495
34381602
27020177
19811190
14569869
34174320
79532884
138134695
243287822
23678636
31127446
15162136
18905115
117388701
248967064
16470419
20523207
172442947
344338166
35894617
28206360
52135300
15368404
173936309
25034454
25867475
23504870
16672410
819800
389770141
19045458
47583067
24919972
8113622
29773272
20165052
29300489
35094163
18026676
71567590
220332457
16398386
35825428
188412002
143299144
20444254
20434379
22949812
31583155
183229635
14496918
16009851
19390810
195897346
21345455
20448733
23548407
138142525
19081309
259379883
15693493
21131149
17093617
23559586
193494089
7111412
65974071
18156146
20064449
18639738
17483463
78411917
18768302
3291841
39030296
19906615
4620451
119134771
19224439
34535670
155709334
15840909
16017475
6813682
78613092
34554134
107570509
18667907
16201775
6450322
21600144
19968983
250700324
253311453
15186688
19418459
22848564
17781981
136716912
14620003
16302242
25579029
237770636
1541461
21993653
86330674
26053643
244243477
57442980
31740510
18048496
16929600
7702542
152966047
389350731
27308964
6794502
15846407
23450071
110789343
46740920
166366871
110830315
44084633
816214
14957139
22792140
471287735
39634561
20620967
17070013
13027572
15674759
74778498
24856567
39635217
19143584
20697303
27966138
12771872
78669790
16051471
74594552
14102913
182655769
33324875
106646062
20155652
43980513
99630137
5943942
49276934
16638685
106737435
32202200
26823392
21246151
69117101
136311777
23560015
14124059
43526024
128487133
18708466
16151999
15383636
36046710
14224719
21021321
15169196
16330339
25177098
264020691
38495835
164778234
58601997
26628211
15234407
39008044
42871498
37788181
6095
14371154
41634520
21014439
16245822
5521182
237549687
7517222
104574264
52968650
17692330
25540290
21024748
268866184
54106670
18156837
14480405
20598586
35863655
19315174
20638192
21697226
77843323
223467350
143988282
10878852
20608910
32385762
208228029
295897315
282679871
19538986
22484448
40263343
235716665
125588778
87070315
39560403
14606079
9930742
20543509
48398960
6211972
24447643
5747502
40717768
151140103
138542116
24152610
48335027
54441257
273495492
36750478
17470801
21436960
228822613
130914103
62130152
16870853
129276385
77383832
21112249
82140652
15896854
169758807
27750964
56518880
232078875
15901190
20359867
24415700
378223565
155876965
32960094
337405519
34421926
390287262
85396297
64954756
310463188
14790966
14327961
16475194
82410974
270695395
15395001
14861876
15965822
20778387
23946671
20015311
25107962
189253902
108882147
14412533
159223609
59310167
14149571
79332579
17269930
15097566
31504542
40838410
20012204
15872575
16714359
35179560
985401
68739089
24529179
31313343
20508222
24580902
44441179
29465290
15012873
19092024
17371549
88749392
17909306
54994166
174859002
17693277
137779150
325805090
21022950
107178219
63796828
24639395
3108351
23112236
25614782
19396923
160272734
217082338
30503549
107930490
12804422
37666984
87016517
29797840
21319573
21048044
21115824
15534632
365155845
212321528
29576445
87890922
83374478
21681783
969441
58562226
14504859
18510499
11666332
44399968
14173084
269916429
41374504
16076032
108740062
22733444
19583545
552582271
17002395
18740765
6207392
20244875
25966181
17799205
49164309
163973699
155620461
108508328
59518571
18713314
122207745
18088840
130104942
22637799
5062341
229436029
282392576
28727860
21145241
18753185
151222531
17299063
125365331
34363347
22150484
13083622
389257384
28109359
22703645
45578562
2529971
98247788
183585551
36735522
13018112
259519690
206105134
6487292
18725854
109385949
42530296
28617554
244184207
256808322
21916557
27602664
108775893
16478689
22400271
30070014
26033281
184910040
226195230
23206141
92345906
4628121
18605706
39511166
19040580
108352527
14132461
19292816
44101412
18993395
17396212
235466223
19419764
14506253
93673775
15140319
15600527
92346338
326253259
15243812
15340496
50325797
8360682
18002296
34097876
19546942
14804903
121324605
456846767
541158674
16801904
25743813
26744267
26521047
124629713
361885698
24751751
18449101
18219438
39985029
9976102
232933179
15976697
18000189
25365536
241544156
18760392
6974622
325758240
37595712
22798591
18021210
89716229
18785677
19942100
275686563
45047975
14942612
413487212
19619047
562381032
20238886
46424039
14529929
67478582
29205301
36528126
16672510
28061932
364476575
14217378
17468528
14157134
35586563
20641995
11268812
14266331
15823891
30686649
66561957
378778417
20292942
25071725
17145499
46530267
18055737
88001676
16125042
119879374
110827653
17769258
14478046
1183041
17078632
218029927
14761795
23613479
34406638
117649731
13850422
333709376
3552991
16827173
269547129
109299385
30364057
19555067
223526768
327635075
76066858
9130702
47283664
22190185
21378183
17070252
30008665
15661911
52757166
33535451
36182101
27951956
140741639
19292133
5959342
17929376
200599938
45577446
16076965
18494593
15455834
16136553
84091503
61762853
44312605
1536811
15131310
6253282
7259302
174054127
69721065
14438306
36091265
13674082
22830044
13524182
260083662
7309052
105258238
14411797
15846527
296561059
71028123
32493647
219227916
21642976
18393773
2803191
19432206
19432203
176412453
22086481
23642374
15461733
30026729
14238165
106895787
77951180
19249062
19891734
15290180
130894721
197117628
17547594
481439919
80613575
80762067
15374755
175576528
11621822
15395087
15012486
65269312
22460658
162385517
118205135
22321602
16116288
163436555
27961547
13451802
14240065
25084916
41648744
265255123
529817556
441951136
17689928
274793767
28967115
16311483
14543034
185410444
500125656
391037985
243847008
40923348
49658852
28122470
59236263
20967403
54389440
25521487
314120493
247520516
41859939
271725689
688483
51263592
15291335
265690003
21257006
27708496
18808527
197341208
247334603
33231030
52551600
17768307
15575251
15568127
15113565
322834956
37326034
21053475
136722660
14602259
137524817
44961317
191504048
31650414
38753712
17800533
33681643
4171231
141161453
21817105
14326858
438701095
18193009
1198481
21149226
11489
20975060
22747624
15155074
18279333
24705126
35903137
16427380
134668186
17503591
15450695
66185823
27707080
47260400
20009684
376825877
4197051
128041640
16167236
17837184
21414413
243333479
314864509
28205458
22720424
16262866
22462567
20702626
24938230
42501345
42343110
15033883
308693201
98942778
135221192
15313351
248917209
92579153
26051676
1916901
285332860
18863815
17662117
7542702
41693743
17865252
16400388
275020671
39601084
89634510
19406043
122009091
132513730
15648827
44473103
17800797
19362341
107114063
123951356
299373263
809760
4519121
121482708
16879321
185297446
7025662
20597460
21705931
20942084
21209392
16890969
177252285
22888607
26817106
22530052
274538956
56521114
174511656
21474310
147776954
19544520
177345928
203226736
20506279
15119140
15639138
86352195
16581861
20106852
93231692
23375688
83876527
147812313
168462348
33971020
41635723
17075525
155892282
19705747
14780915
287834630
36349838
17882897
96187825
14364779
20346956
14925700
14213711
97881470
27900594
30301527
41073372
5252591
10433782
23114836
153167011
51509917
146367309
27281445
73206956
473014087
325760401
50323173
151232686
22986272
35936474
150056555
16073043
227418297
14251225
195951795
201753345
17003765
14239496
198955283
20997349
16513135
26149716
56436449
21884158
14630319
18175171
262881419
76038813
18039316
41662642
14885549
248992493
255537739
17434613
29774968
14791162
18653078
98035778
56505125
27855118
62557485
15158441
19029137
17637598
15528195
17486893
18396706
55033682
87775422
25592034
32628749
16143507
11069462
47279525
43403778
55424198
357665244
20555563
14616022
304360642
445659911
69671781
17093604
17872077
274649460
23742474
5800582
19148708
17373600
14307764
19915096
19923144
27476141
18062400
52335082
21362105
17910183
41795342
174860999
253296586
468493202
163570705
105520076
23865382
28838048
14222536
125414616
17890601
24736925
107544554
24959165
304679484
169927844
20048111
23248904
523594195
38649507
22747276
15949042
25859687
27988038
14722311
179932936
15660556
250710495
24581048
153694176
14956372
40204661
275215221
110541296
14677117
15220473
420533304
19771382
17467600
18735040
60121516
120176950
25053942
13160892
113439399
22070897
242058793
18198400
164354823
20617476
24179879
18980276
177758937
19921113
334321077
17918545
14074515
80798215
100616272
16139105
69019134
23962323
116129899
14980820
234356169
546128934
26705484
164810692
41931380
40303521
15057943
20729471
26810542
102825413
15638615
15248323
1451811
24105113
17530277
18750157
69367470
25215221
254280897
200497519
50101765
15012215
17696167
15091978
18954398
16878156
14985228
14202817
269389696
50372842
79886911
15391102
208469691
17317028
15573707
54298095
7573792
23654341
35246396
18812795
30732862
61129284
138909476
16157855
22146282
17070113
117652722
61123704
54205414
172636470
27772095
25594518
183387449
43128684
92204251
19225156
13012632
15676492
24016767
34704894
174540176
22482043
276974807
26538229
30080029
43081426
19575665
14882900
14267393
17316885
45406850
30500349
69281027
128665538
23433022
344955115
22127274
23080244
126061182
26403506
40101400
140644567
19289340
23818581
16553826
15139049
14515799
24931027
242555999
269949947
28204769
194537516
35269664
25341604
337466359
3217101
92347682
36947388
774280
15147397
9532402
22789766
236216311
16546421
18712070
21001534
17982105
15134782
16669075
17625417
24444592
22439422
33992879
342770193
27711339
19079547
17166447
15866188
243835805
18277655
25708013
304412894
18610936
113126125
32934795
17069288
24608680
26657119
138444747
4282171
229333456
213796133
14528122
23089953
26477356
78505915
370404328
25411867
30459968
215952307
263723790
3103261
119159738
19016569
17830969
135162675
26869743
1239671
67378554
8249162
82724710
45684561
109705251
89889702
82649553
156038456
109241118
17220934
60727070
22679419
28245852
15905103
27073265
74264602
33618609
18565988
310687757
361903576
277124730
222565407
131031879
2729061
228747444
154915258
69135840
59949396
37788669
10798802
22092470
27922157
23799441
73271762
21347710
15454949
1985381
16153317
28301551
22066555
28076725
456104299
14159148
38001218
28209292
14085040
26259480
14305530
25489250
14626738
16184358
105922470
20800328
21196272
251706984
5459482
19122859
499073990
249902490
19063323
52146755
272164322
266464616
289074893
104299103
1260231
1118451
10422602
32154032
140893518
460107942
419177567
12460982
234489024
18710504
16877611
15770852
18141232
102231603
41651800
161372707
12794362
104249727
18177126
23354464
262351301
14361155
14233933
127958577
27716402
17853760
15006743
16312576
15485441
21834510
250780210
1679071
23518723
25337448
14202104
14458280
16012783
20054249
21219827
191597349
139188510
38349184
88617158
245323209
21955058
169203819
15566901
72665816
100651739
334989877
27352974
17222678
14552720
12266442
17833574
282554931
133379712
130834357
21270268
36047098
200229705
21093744
344114452
30973
36969785
23741531
211237817
14368074
16700766
25837899
17737498
25623722
43963184
109713729
282554062
21048995
19566101
15069555
15612015
251965342
294200297
12298152
117639473
23298808
17787502
154239165
18396070
43383705
18221681
16581795
689273
41063534
21711511
39956893
157219217
18217624
19013887
39288259
19383358
171228400
45648808
17517817
24795163
3028161
150334831
31547933
19948202
14989781
174145542
25360971
257234051
16736400
60273
17926625
14864191
824157
47723728
20728561
18753846
24407244
15163466
15076390
21212823
48416851
26235265
21149618
145745936
224423919
15681597
40173945
100322679
14704992
15996830
27022632
238020959
24790283
16060481
134307518
21661279
22138357
406423370
15438913
26083271
14801539
21059860
154315019
96354656
8834882
285282053
176320780
196498026
23884517
33960482
19784567
380530330
26553971
41591401
19607400
14348594
123015364
135323628
21952592
12235562
373416209
56169454
173832954
21024997
113163002
18863720
111942305
256242377
20908109
23821435
174083824
21111896
278090672
26436019
328726293
19658936
29945902
78298637
139848744
251686253
11612722
9907172
22131810
367284950
13837292
205915163
17600223
125033
16654276
20536157
14880616
14082692
56019172
70006177
28647566
18938646
27994823
41284429
191250884
5438392
242073660
208442526
24143898
666523
17454419
15617631
39922782
36948268
47348884
255657736
17539739
20150502
18905134
318444623
26553420
18526653
21670881
282789898
44247586
270383088
83691020
30274144
50701654
18131039
106246985
255388236
21915158
205415788
37417482
18668407
361943754
46139542
159143990
5864232
193929442
96064899
261907415
157798886
60348130
24585498
59557446
16807528
16243030
70957640
37764422
36155411
17844641
14819030
22967906
294728278
208716386
200558108
216531294
186573397
74759560
89086285
24599923
27585831
21232967
36483808
39803481
27830610
17878322
47845524
120178497
51992440
178726318
11488362
344284402
233433627
7449842
17658786
19805496
15428227
294809172
170712417
22938645
59325073
7385462
135281645
94360081
16264006
16264003
41767182
18958606
95835083
17836882
43312041
36767299
22324642
14269152
27108390
20931046
168344229
74265849
14511951
135272779
44949890
28562317
128594349
48502553
25233746
14333443
14220688
25562113
52528982
21995408
52283878
13348
18904582
18046050
33792054
30009639
3065101
146750093
1173831
23102417
294404979
14248315
40974333
17399269
19089165
14588912
100220864
95956928
116324294
256573865
17372853
7157132
36637698
16213013
80530889
16998020
48027925
87465794
19691643
40059553
19117213
21255118
157055308
40626514
24395545
22976125
23314049
128953435
33617320
234343491
16633120
41366372
41992925
52000483
142240192
15723806
15265990
21148293
74021398
19103481
69480815
35921559
18825961
15811202
21783220
17910893
147418979
296319355
37564255
10069612
99002197
21427278
66699013
128044351
44207541
14095706
25581439
377595978
27806987
35531175
15381688
27234253
5676102
111595219
15341629
14957318
16424201
105205432
14813657
29166305
26549629
20587872
219073535
14062180
15395727
48050142
159179153
191650646
16347506
16332223
16191793
27702153
20273398
2044751
38802447
17232995
22571216
17219108
43969852
17344075
15922433
25027806
23627469
29758446
62605366
17041361
13666
59977316
40317006
33936681
24719760
40390377
19506790
12773
201733435
141021153
76733474
37624603
22412376
23372773
45038024
221992995
34342176
2806761
35423466
182503471
153780289
41431342
7130402
39184406
135358659
50360181
23083404
173998684
20204927
16870682
14165980
14504275
1877831
48459607
23151437
20506424
29990808
399147540
24745957
412991144
16639736
104203516
121226571
20699709
119472759
50427231
50037051
15245975
63488455
5625972
40105401
46967246
105570240
17625522
289459291
150632123
48797251
20605259
38970940
239542695
1775731
27212794
393028587
156969952
22377038
106638964
24788654
30180137
23260786
23748448
85375262
54630927
78502161
23018333
48504743
19665244
47635525
362076292
24737373
353952064
255626761
389621027
19332851
21912832
17397880
18694134
63056402
3839
12685742
21281317
7914552
33300246
7040932
26403670
16950889
255059151
19201818
34993020
18627400
28164923
203144854
92324608
96843721
61261533
237335431
183614913
19397785
31269003
21692297
198710525
182043794
15573174
123338992
112754180
86697288
28444033
87532773
118704347
15307166
40708033
146613557
308686769
79025750
12699932
786764
26565946
19659605
82826066
23135183
14708747
16616061
15840846
19562228
26711120
15082762
16031679
16888233
15635604
7846
15215852
67265145
25087909
14804898
143313712
64822927
69091913
141255641
22109106
6253352
16220555
19537303
16305330
17006157
366585100
10168082
247033019
43971053
14666324
34714091
204137620
221470391
311633735
26411479
32709170
16172991
14519041
15433229
18103148
38706884
201882918
23228600
25202284
20759034
13796572
40245758
21787625
14063426
14104027
19186071
45040038
125109860
14307102
14465640
80612021
182159858
16334139
74817489
143888401
62610707
17900666
20731383
92352911
52488565
15072071
11388132
15519430
19733898
432093
33423
2884771
5695632
18157057
18104752
153149305
349157263
27087844
200268415
17068830
29599598
18023868
10387152
19735580
15750667
16334281
56481539
31415130
21264379
76156485
22143745
2142731
225609940
249842778
143244854
297527427
60797208
58932187
7691312
18611614
247430686
22403724
14589511
58451369
28709890
18931655
38685348
22548403
142885085
23808856
92717138
455288410
18467383
41146726
106637102
80468100
16132336
5920532
18219976
21702363
334053327
34350419
17654134
106597684
27029537
42261441
33007871
22724191
29268463
24750850
28164096
38667163
182422417
168498034
14319981
18783665
22084427
5548212
14217624
7841652
10671602
79327591
30040682
18293695
19348566
71876190
19400602
150956425
14181054
5885732
47010589
56705653
77120712
1344951
22615824
29797128
33443369
87586376
36623013
141340085
14982804
17057271
262907074
16936018
60323026
22728255
16876667
22587869
29009790
15433693
17289752
19705196
16999795
101782947
18273207
24737621
24737622
15809249
4400681
33615152
175922528
443164352
15317676
158426909
87969079
33524534
18753325
44908881
29344169
8170292
8963722
2172
22520465
19028615
47797211
38601171
194677810
95819875
115682368
133272665
19419870
22517990
58836363
237670274
355741893
191578026
407397848
269552973
113883644
435978700
22657153
180014279
39164522
26337145
16464746
555548903
15626814
33018114
14173315
43658360
23027237
243475324
16729099
91186036
31312972
237096702
37360915
164854413
18371803
17230018
297074078
39479083
47305686
113779876
310618477
22482597
47652019
159002621
128422938
34747631
278103138
189283341
118756393
21920965
48148030
80700514
42743382
10047382
38035105
103518709
196318875
28417043
14505838
89523939
16334824
132949249
18009781
486961666
320134516
106837463
366606110
26895879
25246760
106764273
16005075
17998609
299776583
41084386
14262199
27967526
61586751
22083910
250831586
685513
399094534
188811808
146930781
183788526
19661294
21624544
39728435
22646558
84353161
17071337
44570946
19320889
40273442
69630974
85633543
134206307
8259712
258972713
54930650
254111591
24939978
20012454
62917637
245562059
111517935
68819587
119714092
67078807
203747496
3496641
308230587
7144422
817268
24647213
20747741
16252784
107078762
147973743
14414759
16582027
78482616
131546062
17489009
19209687
265902729
89820928
146540920
242892689
53853197
8040282
20823928
767
266135518
117662694
21910137
216625028
15560223
14173505
33830368
16971389
42535805
102819523
26174957
17401708
27679489
332223001
51241574
47964412
8984572
104851609
13904152
297985585
37367041
20612033
97739866
821193
63858347
148307910
305085584
40863897
109290405
44134466
9290802
123193555
260170944
30484844
35471392
19789439
21774892
14546414
9109712
224294785
27115071
44309594
286820837
173684799
117107500
21319801
14426892
15962096
20867568
29588859
121626258
21915666
35894498
814253
14624975
20968166
18645812
30317085
19980947
266367426
15864446
14706299
20321789
15682352
17026571
42047882
22208192
14839147
5692692
198830228
46257156
54343977
879521
35369214
19621110
136020626
106086339
25659699
85452649
40328729
25355724
74821841
298922614
17659206
88957553
376836211
11833202
20867608
24954077
6449282
294149214
16027546
44293976
87874905
15231995
38934368
244655353
14716014
23012305
14401698
26329195
2366281
18667222
28395347
17244973
30065033
59603406
22800874
72475439
330921167
28380724
235033487
333552268
15009020
155927976
286993966
14584903
11180212
27740155
15780750
36375662
46740532
287603659
36049916
14360757
104615636
37599575
34903365
16297426
59471027
21639792
48103917
385534328
104201057
16460916
156411211
58120509
225634187
127431090
297047872
46503181
120068116
17796018
287202982
19407053
215373852
31786892
110445334
34947001
292599839
34609299
122530604
522282462
15220768
259861738
186668655
131601987
211678994
47359148
30254855
138884497
26487169
18999501
34430522
183665224
128654776
37514167
47694175
42300444
17953972
22207520
553700566
17118180
219682445
17947552
270507573
27970832
143909021
14413715
24109979
114516049
30900841
19208457
110828747
130447415
30836874
45536687
21910500
27501250
25768420
9245812
18714842
112909007
21833780
16674308
19702854
39597481
33823446
17720465
115911638
2996801
29498652
80937511
29484376
322632450
296127352
16323833
36774033
119609847
35787166
14430479
164412502
371868797
135297032
54423036
200259301
8128442
27272199
20622594
18098313
152866991
374222933
89018574
168537920
18033062
30244233
16145875
309978842
284089166
17146677
19301925
21188490
18224975
14803372
70725301
101887303
6601862
8861752
59899837
22667853
10454572
119199038
174331528
11518842
19725644
206435365
23408265
273197054
193336046
168735527
11856482
61225287
18776017
314662792
107117835
22784458
46973152
23565536
438550809
16742806
2493701
11447852
19660870
1769191
10742132
14747960
256674693
14478260
61228608
19530624
48849410
18704659
139403268
18353241
19789294
13049362
15717449
41689267
241253715
15687962
225125248
85243004
158061687
172542995
83558926
792005
334927007
245992215
14172201
17216468
78977078
152478151
14434063
97078296
234521957
18050342
41648843
16299627
31311757
217914410
150846769
16439471
8283082
172814396
34698369
15587500
17061263
250870513
152967678
25742569
5680622
17939037
223937234
62934462
19087309
19720440
256881576
67418441
6486602
26077026
20455625
12382582
28785486
19357128
33060717
23778898
243630696
28149277
61083773
17298881
110823581
15838599
431936757
6026342
265005363
18092238
113456181
28824426
5162861
81121879
113509194
74780569
12193342
18462157
145852539
22872643
30008146
652193
17628900
15651878
30924507
34409159
46241448
36240331
428881969
17457769
13623532
52192055
47752725
13918492
21128334
339336382
15359864
321459483
29842036
118504288
807095
110473412
53732896
43920155
14289331
28403657
92022555
22748403
15460572
11350892
15741820
14580197
10545772
50709355
125767923
16857864
16302651
211977493
43023158
24704505
21655507
24216951
19079396
17365848
16381279
30524255
39524936
28375496
18131006
17185109
21313855
18681139
14335880
15588657
19752773
27398435
31540671
19208825
20204789
29641317
33235771
25369216
138530516
17580770
53465529
30103231
16821503
43269420
28019653
14749383
17874544
5533842
18916728
16896485
258304652
10791192
43654274
14856951
73181712
22498525
6206712
6878392
17347261
23119425
27136199
17388955
32959253
48436234
27987646
22988916
37283656
20264905
22655610
27825390
288308178
21915043
357648167
28504906
11312652
52066271
14525652
20965177
18548221
183600972
22745779
20255162
196540885
24595743
1715051
67737989
102633945
409344399
14085099
35617996
54037230
15948437
2065521
249967853
19136331
151081208
148900525
115700178
14425825
18220175
27677597
26991886
19347651
300418156
61714814
266187076
56410814
19057001
57680343
25138463
56208915
31143489
31338843
14848513
28406270
21179815
67213875
20322929
17998052
27792033
28807346
114052770
21349535
25100180
20172395
25093825
15360428
39051824
94611379
240734425
136004952
238110322
15501934
346409057
23695888
18512102
169686021
22601929
57026351
149180925
81979375
83404122
19362299
15066760
16444233
42641124
216760738
132598528
14327683
28897926
26551204
86029229
390320946
49520939
420670841
46220856
24847059
92350971
137471526
263884490
26315586
19624068
16820575
49793
29546364
18999854
71341675
91083585
22012091
156974002
28593358
63192345
40207247
194432712
55019441
52422878
83466368
17918891
46571486
28264799
285185591
62593760
33718831
516771605
47968639
50339952
3060631
260296537
19001775
19139193
27791181
29413209
183523349
31256852
95291297
20065936
17698956
12922082
5490392
294201199
18220386
142837256
15027362
105985850
73303753
19515424
15222083
78890225
95339302
312326409
29405599
17453527
21069600
121887978
19722699
429227921
16379018
11167502
20444271
216299334
21053789
14824849
221185711
17162250
305512397
19225542
1702611
17992258
42826039
56688840
414569910
17201277
35171764
16331762
159708091
169558724
9676212
226231298
315983143
37168231
53154874
34998642
23503181
32061109
36795569
5741722
348785149
7093352
200677930
1081
41788605
171663779
35084169
460485003
774096
20600235
15437723
2425151
114868049
17828988
15528275
24886025
784912
33845113
14463848
207831555
126434795
31083235
18228898
10915842
198951064
61504755
137373058
54885400
15538795
226251324
5644962
14345566
19342962
113963
415859364
382861649
18069748
25101996
413223602
80660928
15473413
24278900
16050554
18999952
25376735
246503061
18774246
248900032
18139619
112018114
18278524
14886344
17889970
16708690
6476742
14909968
262911271
143922560
25199287
182859368
106456932
15651700
110840720
15234657
15947602
13443342
19879313
23483324
20522531
109435678
19095849
507672047
23789771
105008365
430486680
103951575
14514411
7768692
19118802
86400696
18943141
35616825
16725276
49706919
264398399
7439692
262454289
61592079
95023423
22832029
19955575
25675498
23984038
437520768
749863
343797833
22720855
74178227
121241068
83496240
82721985
14123751
29218587
185449401
117576644
106118793
29265181
17546141
103770785
18086960
263514193
22258315
247437412
239107677
100684909
123584688
13341022
21502768
125847900
225418717
89858807
113741392
26514376
9206682
262388975
72402972
16729297
219070649
20651511
92837266
142157505
69615397
12509262
24355095
84092181
17028306
66528154
415901390
339259699
36218527
344914507
78138151
34687264
229205312
35421350
140093395
30440025
31444922
83529586
14085096
185308330
166270127
18106628
320638233
12512092
36382095
19874960
139162440
58975906
28074588
24634006
61559439
21456186
47975734
104446737
237890582
8370082
274325818
20464600
691353
89003506
247483633
15681129
7915762
33787936
243830996
228940192
21858647
14655868
18097821
17307429
765845
202003
19658826
46648807
14317359
16929520
402957663
229033478
38682272
18116794
103130238
111366085
17494046
26003792
25354531
74580436
62591681
18510296
296459271
19399719
357647590
18164420
18776942
18057465
18628801
24019308
19799261
20998647
40550544
533394907
18500777
461521888
59157393
16213043
24797315
14128609
144377719
480930665
126412776
85647240
107236336
102166611
196365883
39164865
7076492
15736190
12116282
31483387
81487369
264548664
216566780
25017210
14120151
17960338
384031846
28221296
14166096
14666934
14216054
76348185
44777959
275575393
22941372
23414403
21215371
369246180
194202453
191322855
22025634
21257976
29247964
17323985
17781165
263160998
240700617
188639770
28205087
18023140
211276335
252185621
25140900
128216887
21902226
102796818
23689478
40935656
317370751
47981900
38146999
34226086
462156189
79797834
15140173
17142160
18033310
21698940
85606078
257461063
12449542
4582231
16889060
69106649
208919902
13967652
172020392
166215202
30544925
626103
39585367
16028750
163712811
20481884
25629334
11830332
14167997
106204123
12152402
14372104
64376876
38453336
344634424
16145763
201419073
16950058
23559108
202396203
15072581
18766459
232268199
28370738
50826280
18897091
14939981
17372617
107146095
110709693
21010214
16672738
23043294
21982720
17208738
39812424
60725654
18327944
125583924
14117843
26514893
20477352
9317502
115597898
20710809
45175547
56517028
14410756
44608081
14327983
115504182
48358776
11666142
36098990
20609518
185979319
494422305
15928789
175083017
36972997
50205873
20484501
15533771
551976640
158283753
61484151
7982802
20727819
74161330
263907004
14155052
125540246
38672574
24156740
43207360
51201053
262359713
26098254
11740902
14218296
21278412
24626969
173210133
29057694
22676390
19554219
23617610
7334402
17074440
15458833
221514083
18806753
499271809
16630098
19980906
86902774
17771860
15888142
226681308
26083291
21417710
19414296
21506437
52087269
6892002
35865630
16110819
14583400
18313840
238831882
17220817
22675606
362391461
28422142
16212952
21443849
18359352
165511377
38701294
135723832
246500501
62902439
167169119
33467691
15147042
33491215
78489442
20520512
498961017
23970108
146504742
46403451
236488592
7376892
33597201
41671777
61288679
253346744
212320989
18125335
130649891
130894825
39092982
132646498
110839423
546938582
33460405
307259829
14947499
106624194
30003842
24905240
20768539
6854942
14181239
14377605
102215999
38679388
19386622
28857253
23124408
119509520
388421804
169537164
20645208
19129073
14076231
48599910
104673579
93935921
106372136
14947962
58708507
16033571
31246649
14313332
64672345
21522437
16038438
9917552
22049097
9989862
60025762
13368342
177658536
102206775
25502100
23836537
12245632
40300027
18082219
15823784
15647676
16187240
208120290
82243
239550644
158122818
64905037
24498289
26642006
15162193
18022904
61442211
253784672
158314798
14344319
17020962
40039442
85701883
16824090
24852465
16016427
251694363
114801712
27091468
365070933
19230279
16848539
38536306
14465084
76420529
2020351
19043563
17886775
46207622
9524062
21265075
209233393
11375732
14693823
151112363
21237045
96851347
146569971
30258963
39413716
35106619
23890475
27988939
61033129
4641021
16810796
26553086
24775410
118739566
103999368
289969718
28208983
174377718
31641658
259288589
35738491
29572254
42367080
19383279
326964690
106496565
37845895
114900325
43949085
14883401
36803580
14326840
19658506
30719049
14163748
198519537
163527638
20734411
34479708
20271494
23967578
22511769
25422302
35035118
688583
186154646
184964515
10828932
15030766
14584200
4050671
20699981
138388408
25657401
29082801
15256225
16067547
18637695
17336417
2730791
116658090
18485795
16527648
14281853
19364382
300392950
27437080
14093707
38973010
40616872
25220741
213903671
34226000
16113368
18970145
27083523
18992997
227037531
286908007
19046392
63770845
24332709
17027590
17822644
40276098
40532389
40102035
18194898
70510383
25389194
298052506
69248730
44496963
71975650
256552604
312937997
532617990
29675916
87969610
14850955
57034964
19879380
17863018
2158461
488011724
374019904
27934142
23670204
35916009
17950422
191190039
56758031
22823970
95515846
16541185
83333300
18139461
35823837
121539516
184795298
299890254
19315920
15652540
37338814
17076049
14058831
163981466
148467321
15763416
96915603
101915429
17854063
19314650
14306043
28123862
14867598
48205983
334720386
185480713
15962388
77445267
78670429
115044590
19748674
92564226
111690277
12562202
19380829
135292084
285888271
18038269
195877797
29459731
131144091
17008726
2523231
19101061
40840429
71349174
89218733
33732317
47583917
23545675
52634006
22041467
61402493
18345986
10505322
156994284
20425537
12701412
177553367
221573745
60865434
8861182
11611052
85928734
257509205
27195114
113560280
42455153
33692766
145724592
41218028
50839846
49489028
78453
38252077
23674342
26641150
18419492
113436175
68999404
14119916
254218516
188301015
174533632
5695942
27696993
27641795
29304837
73980903
30229853
91285471
18481641
972651
135039839
18193396
22562425
20015903
34665247
40356855
14794197
86930463
1994321
27463738
148435933
5202671
15293534
29840295
36471939
29525723
65992743
36875829
5894902
9463752
268270621
21369856
17173775
21752657
1500441
16487191
40745276
14287830
18278629
15515919
20715659
17968886
27538577
2100521
35873420
2459371
27014121
31069618
19726058
216881337
1501471
23234807
59454817
25007375
8559342
167164816
47713256
14620190
21922584
119464925
794329
110331040
15518965
18964696
173195708
70246837
22650211
115692784
15907720
20818801
349297814
472442403
8192222
12611642
41533816
19952733
17801054
14160121
22554784
11113
342436012
17540485
16452939
17195943
25928253
16930125
19355813
22799750
46475424
21308602
8936082
13215132
25456478
23645599
240354622
131482972
1077971
29061673
13598222
115705413
18070930
31808762
36823
21066109
91661023
23484510
28412286
19551156
22162854
97066168
24300583
23631859
22473844
17104751
228866701
39299241
263099844
38358194
61315223
113134752
717313
22898904
465403720
340467865
172779883
17461978
98809456
312167534
16874703
55370356
14749606
132045014
19018401
16724361
24843679
76777454
121999927
148496087
195096638
39957797
16292457
143947826
43919633
35646585
60918510
43469093
14343185
23664866
16160352
17130917
20985527
41509142
20755072
44359302
293798985
28161405
41012588
20565284
18369265
191891492
41256184
20880546
50726620
14220046
14134204
45033456
259984745
171171584
46176168
34200998
141429203
16278375
63842549
140140923
21056214
14661764
187613519
19195914
13784592
72339761
14983499
456080788
19750789
475210759
326311325
187428929
14643599
115767100
465723566
5336752
34868161
71297990
12199652
29860364
15678385
115486770
16589206
17366486
84279963
101651259
14460241
41754227
23089228
88882927
19902330
1305941
17587207
198365716
60903649
19923638
18791763
15813140
89421672
20745130
20581597
359932062
26168878
255168531
142438794
11883132
17105573
303994581
45371222
5768872
26798304
21278893
3888351
17428742
414834355
32952390
32209346
29312953
53971402
233631354
17910878
37141903
18194218
41304837
26799554
65212470
24919888
45894268
26691922
41229669
15639784
23019705
494266498
237742285
42869411
51904457
20012399
71820826
40069014
38476490
14840869
222953824
47465882
54645160
45399148
2960221
27479039
683113
10915142
12810582
204957452
112962217
54900089
19631395
21681809
87280497
352145373
15526913
24167314
20741213
33612317
36246008
16547369
74572650
40306315
27271615
90142504
20098015
17337554
17940246
40302320
80322499
16032925
130617778
17655023
18179458
185384617
23572083
299448712
15880163
27118077
15006779
93171197
95827550
260523318
2241411
14829533
657863
27860681
19248106
254185943
128626186
25412522
3013511
44771048
14434070
2569261
48410093
14681605
86626528
14479720
340613443
21295636
187664250
236699098
5248441
15351161
108617810
4310571
140845817
46525084
14365353
313537605
2195241
52529345
388555493
272631527
544517731
6576492
22053641
175479505
486327172
155945134
44886859
298724999
32917485
16204252
34310801
204870137
19165963
92291383
12925
43522180
28059115
117148684
40358743
29654458
30980778
18091904
16149114
28037631
59675631
23360024
73147282
92464299
527526077
39547342
21094279
15614819
43152482
24263801
43989162
41121600
12223
15111389
28211427
220426702
102687765
78558366
41120559
108713959
7867072
52221945
336116660
5827292
27110078
19415444
122216533
84358766
27941766
12480582
53897932
41206681
101787835
251871321
16888062
45628782
24725413
8839632
39133880
74286565
270949258
21268897
51228911
32211060
43736146
23911778
28494467
59889953
3359851
9534522
18988524
25092574
26127836
15736836
21870081
13393052
28917111
317569920
27636136
22685200
23086378
159588456
200913899
37008705
194348353
18369812
15740491
44873497
16526459
19615608
13783772
159523955
17876003
80022606
248855840
18450106
102872654
166603683
20646945
23798922
165675053
33905807
33608041
351621695
16745015
277603336
14364705
31293110
74942879
16364793
15439882
559072078
17740885
36483794
268915110
92367751
24740625
14999792
29467516
140204841
266529472
17737614
18719228
2883841
61040299
206037540
56377143
92294003
502281810
26604904
31524543
20035593
21568477
16738488
69168087
23990483
18759851
33235204
40537202
172872728
23148645
16225240
15224867
64379822
20696985
784304
26811248
148850220
19040598
188647212
188962593
62601419
166747718
14677919
17542901
19394186
19394188
236588417
1010181
16588095
8163442
9232292
10503302
25137852
19625768
34676063
21125133
18020120
74712538
143120370
111615736
18236230
212029280
249677516
96046331
71294756
18057459
19388771
143528416
427034706
24429991
16834046
487684365
17790274
263292498
18081931
135187648
268414482
21401466
14792801
7174972
22651969
14700648
90636188
8236062
16102815
166868181
98037994
63253045
139930250
382823424
63737212
317313520
280704663
22209176
17471459
81469967
17901138
486955518
773710
351640699
134963898
19771248
17733320
18699923
47490207
43046805
107556834
24346512
156380350
17215802
22843068
69513559
19671129
54228724
19120191
44190928
291926120
180884045
15361570
198975780
50750339
4503491
240456162
9938852
6273552
451586190
12512542
47285504
16859110
14679798
241964676
14378113
27697207
228794007
27989078
128158071
322603418
265398605
198494684
240033858
19785801
20431922
43408626
21986815
18625669
47982751
40426996
18955916
65647594
646893
39378322
66369181
41682166
6375322
267938462
103173733
1717291
17984576
254295223
27471945
20416406
14353392
297046022
117841559
110901093
34442404
38477528
281540744
24586611
25399731
16906137
109376090
132752344
163584436
38234856
19006707
28635233
15174477
207923746
27003337
73548754
85687469
6579
16583846
19568471
19422931
3819701
20793816
72719996
16434826
22657351
33509142
39164092
25757838
301511905
26572383
523632806
4048421
19911886
60395240
24234523
19122675
16445093
19023793
19222164
34886346
434545375
20209459
6844292
48268362
18034991
15368065
18171994
159219605
38705128
545875238
151138798
25585763
313586546
200638031
241264057
174293510
144265641
35859588
29442313
381688396
15169907
262326533
34211097
143491086
44791521
30309979
163910493
21734298
115512512
19557220
58896265
39706174
15933910
266084180
52905424
7161172
54135604
29774506
86254626
61634377
18999907
202674661
180481092
90959399
271398203
14176770
26369932
332375645
7614292
41814169
104885581
29472803
24036264
19900778
268439864
27998216
16396588
16435969
25087685
22146985
16211061
243291022
59204932
28136539
69426451
24008967
14180365
55219542
21799052
20728526
73238146
23479429
21024630
16714443
116529568
136505371
16734382
7125992
87633398
7768622
68838777
263758909
138510935
252882791
20452058
15309804
18086117
177540789
20061655
35948186
158515843
394081026
297838587
7764332
74669397
360737269
113458460
23440052
21114659
152564203
65416742
35218566
24234149
21404171
18462729
5702
9300262
40302738
27979114
19312649
57972602
15309384
68795677
24705687
56619909
14086764
108928516
6385432
16331010
263820228
22563769
50735431
35547308
21158690
141052723
28076276
19074053
90084099
25545388
23680913
18138971
30855079
28657802
319459265
68880921
6577642
8724862
183672041
10126672
75374394
17374906
27744721
35960001
17117719
55053890
32453930
137320881
23832022
40711814
115485051
255719070
19031643
64790822
7885972
16589495
21035409
106823281
29368258
5796972
50446226
8161232
42712551
72809395
38374902
24047612
288351979
14767730
62635884
43264227
28706024
7565302
81111260
233430873
158900583
225184887
105251590
102595595
84334533
36777272
19409213
27989761
15640533
244293586
29422232
19967579
211588974
24486637
20683482
19425947
24709803
15140383
6982522
21645304
29784240
107125748
25982774
5380152
18091004
12895402
24606439
139869817
117158507
20823773
41317178
39103342
16193578
53296515
21344543
17681513
21415400
47616071
25110374
26534621
21266767
244086098
82739746
27190805
23111224
15081753
47711578
158128894
210254309
95431448
209708391
26813101
27699224
78037872
19768193
19940791
191972076
28166276
48100887
510503908
23023236
24950008
199009284
19049747
30395471
174816561
26568085
17308994
152968869
322786017
64396233
555448499
17601969
29749448
45413510
5120691
321990895
28175712
38530157
29221344
161245600
100678782
32799740
97532053
90320997
97576151
98959541
29394911
14654965
109081861
17899109
23220667
40168339
350982275
21023970
191908414
56552341
20348856
15940915
111280097
241642996
49594238
2384071
220336959
121820614
65522706
794340
7234222
44446988
45266183
313091751
21865734
297475737
74194674
321037252
46650115
185397767
106233617
17446621
253004443
10755542
28366439
48719536
89593573
22179997
24621955
127512810
33104973
2182641
15741208
318571154
7348632
1000591
29964675
174334055
15564022
28445357
63870858
22014639
20796323
2467791
29359583
17629860
740983
213855080
142690048
237845487
147590684
20403632
13820672
17803524
25535699
26861998
24773177
252709160
66468822
18291469
243236419
29484644
16565797
51162045
24508000
8983922
214693898
823905
114478604
116362700
46466740
21415235
192491805
89781370
54655632
626433
30065770
17244030
26527812
19502592
14944855
32774989
41079532
106208661
16287358
16650268
16261627
21176417
4432431
15174798
16423109
153166309
15279429
232042665
61583656
24616144
45541231
188443111
28481147
128393253
54275319
19697415
130636009
46177695
97516144
14326420
44739507
19031342
17471554
63324260
159764278
23731430
226266379
108740292
155954125
326844718
25132061
14476328
16318114
19433528
157140968
35944242
111442477
113713261
5838072
17446273
30431409
241249160
18186143
55010030
39824409
30278532
229636313
157102563
15897147
20108560
21581503
161418822
131172702
16145626
23161445
28048857
81192849
16118939
6595682
34690497
47534679
98718349
84387689
29504268
85867670
132948409
136293558
76299612
33645850
17293897
346319640
12133382
21816984
127860139
12273252
22668573
218561795
33494125
20479813
76945884
14334870
14345368
19655069
41338503
7745472
253719474
55333704
37457864
26751679
42703075
43852451
20259508
20060293
16089734
102134994
291670881
391542459
46696817
19637934
17929027
16476220
54904679
39271212
44850810
9648652
29786986
297856522
48434848
15757811
62512023
96695954
30035888
119454938
371539066
18785238
270412323
67442337
132195390
720843
14193620
70842829
112508240
24289404
199796510
17790667
18336787
502135911
315491281
15450996
189248614
269491046
16672159
49368656
36880083
12378512
14575107
26119295
34843478
6433472
18839731
15108422
123635567
32257719
16689804
7589572
21586867
14190551
22596730
294170696
48788647
56461986
39189100
46832898
12096202
26981013
294180303
150802319
45869233
18741363
14523801
112915037
234014087
78433570
22084396
13776202
202722747
989
153474021
267009091
60828944
14824990
335996055
37060788
110775353
33866397
14464766
40927173
240421228
59986919
6017542
1507651
21951033
8690322
6206882
19950500
19981036
18956020
15648008
14138785
40511475
14411304
20265542
119829799
156406287
80094297
26527734
19039286
19789046
21046818
397655438
20783
24296476
16252002
34005961
85794542
51263711
33445069
36998406
185902260
44666348
52144222
60972923
57841792
6370862
19111767
49045252
39423418
209004862
19852483
46640060
72631996
95297220
15122826
8442372
18734310
17007560
18608514
70202449
20274104
389229444
14128528
38259087
30781324
196013643
91046596
105154989
18378446
157504724
168753203
54365543
537868113
9640912
18776605
27955248
22662139
31464562
72885380
8848642
41272427
14773982
143812589
20210859
249331519
160926944
45595835
816653
40996128
14539153
76092768
17813899
15514266
149103331
15036232
21507989
358539335
38543618
54885334
21164668
551177934
222264418
18776893
61183568
14258424
3745781
81891682
403086984
265062844
32840323
13538172
345092064
28509196
16688709
18208354
89098393
34886889
82455213
30842596
20631422
33884545
25421094
44472892
20690398
39079604
163755960
37555491
18999599
15293735
4816
24896782
347661226
59661348
16404379
15876379
1106501
14716974
259521523
15764001
10712072
16827760
28183933
93091480
25073877
158848407
27685955
56927066
26809005
469194846
14372486
28511855
180503626
132809440
22091272
13693032
23614207
64836148
17674486
21104725
18999830
181561712
325655146
29470720
20011858
30614676
23396761
79890469
15222806
13201312
27583994
168295477
214153705
29459918
12221852
56813868
166767883
43121121
16588111
61040833
9635662
24000965
51100690
23826838
60101131
16135783
428333
73447678
90767831
96829836
93634334
8637672
20587191
308973177
24166202
16157577
209584092
46715620
179059513
82853372
28054681
59959530
14924233
14362575
143568410
28925243
40713842
82765185
43165749
271684026
38063946
34378922
49110693
58834557
37824341
7972552
112729602
92685993
16712746
53238154
128522283
18101713
19480470
67220892
15231682
71027322
14289835
263224927
16135407
36700554
210926192
24516804
25593516
394471665
227148979
78619534
257242329
126146818
49465463
22471294
85259796
43706838
20740890
14335144
15321506
14437914
19569404
15519886
112414035
18131961
19600747
145271868
285781005
238763290
138179497
161329769
71048726
384163459
93240796
25537064
50374439
21139887
180200031
20623926
158415953
59414975
44340677
12477472
86664924
33583496
338084918
29179645
1143031
22014324
19787825
3475
25389599
45565185
61003804
20674226
252822479
53297035
28187205
15583650
29854446
100570359
25407657
110936556
39342647
40101262
485924782
154280902
15458694
14389031
35566561
33990291
21954529
23638174
84175128
20432727
318967677
15944663
234443392
122396513
21232605
19720392
17525171
55117855
14991920
197134784
23280648
31601961
15462161
128285020
20067354
140457196
20798630
29361488
14763734
34013662
218730857
57122023
84897329
25373841
16666502
58427526
275665487
14813584
288932529
5637652
19383317
200017282
38709939
146327085
434725454
2768501
260741931
9275742
17174309
17842661
15146558
180000404
14437901
39325978
110365072
36663339
174307074
15892365
17073
48176112
164604248
25258210
94120287
21380640
23379162
17262076
8953122
24579796
21324258
182106541
378323538
136879221
15919988
116942168
25209206
43969388
15460081
17019152
459602372
15999738
28769814
285291750
240102925
296111313
20076561
46039823
19404587
50633388
19722029
19877186
525208028
58379000
84368747
17469492
286871259
19080178
43909715
37687221
55034153
71156282
121509798
16789978
16313592
223165982
49737738
28631509
35958311
153167431
15829144
104969057
5405152
132166240
271530063
14060308
96846955
14185814
20
15088803
22333986
39706984
162749920
19413393
272604633
19402238
40806063
16666748
15600481
15471060
32309773
270535212
103022243
26788472
112289040
13558962
59145948
25178662
16358091
43003845
26136956
155118307
29873662
5746452
34579454
81824974
81692128
45630014
52758395
9917652
454313925
107540002
23820989
27744185
21792170
97082147
50075927
21366823
135316691
108668217
12804312
61445012
90021519
444319535
15677036
35251183
20437286
16203586
44257374
372575989
22159122
217158161
178978113
34616510
818647
150367583
28382675
25458792
60395840
88349752
16187637
755431
135648787
23449774
15495464
204089551
35763275
19330043
18734884
145835700
14948898
24020586
37435412
22055109
47062577
300982287
50292284
246481013
77384798
23922282
55991693
96140805
118162552
70443471
16895295
119593082
13298072
73571504
4207961
23188724
5380672
113613920
125463397
17475575
180798800
58598187
5520332
238250804
338568597
106257440
75030755
22080646
31044097
91033239
26257166
84466455
21848018
148714212
17469289
53354914
210921551
29562655
442870573
530817071
6240732
108424962
28596709
19346439
7905122
134832677
80663030
256289743
16683504
28538044
58083306
122305684
177968664
32401095
15097615
17092592
21423021
241747585
44166798
27907782
15134240
16786960
65167734
126418609
70767382
2836421
52992830
60451948
29979980
30917386
20356113
182199162
23638666
14762127
121466759
37545039
23440299
15227791
34369690
85891683
10315262
12299242
437136024
16550480
20508720
788524
101928415
30864583
84563846
16812787
488648844
29330030
54387680
217416964
53197137
24996939
21133007
37093178
19112923
8570392
54092452
62591415
79312312
348485366
23624239
193918034
31239408
32625314
622143
22029249
28180183
20172983
64857643
14868280
51008528
7383122
82762694
15165502
14796276
60889706
22123727
218918529
115224382
162869667
14086744
6825792
197505545
85815410
43018238
39860984
14740227
7004382
19756313
21660348
38955381
29612613
29012235
4532891
179644633
28744383
213745334
37792861
62290422
154221292
119372054
29784580
236808634
90703732
22846100
14207863
15751301
97261425
26385463
48672487
21897334
80070684
47205435
19391595
68174078
74705029
30261067
24816848
110377642
15591032
182914092
164826343
45843783
237870401
20291907
377723508
250911289
15010370
56225100
117017147
10876852
242797971
6539592
259399482
59863489
69329527
18800265
13236602
175378976
96501375
137094920
69410214
19709040
374665328
39496703
18087344
369238541
27943005
14642816
193785644
8983712
7831092
33936481
54274523
21627660
33174013
80331801
839321
168767461
27660239
18028249
19996857
14718218
54226675
161138433
23839835
6541402
15386108
207773069
14109613
24024778
220081296
22100007
290097288
15032862
18780567
76091017
939091
16150457
36480504
9542972
76649729
32166535
177761707
28184986
47665691
65691824
185752781
22662438
17481636
35550889
28201743
17022916
382267114
20240002
174857888
247723476
76135489
237219812
20427275
425948830
15033845
338535630
326821147
13790282
19175963
221135570
68330103
19964983
34036028
95299477
17243913
222297027
27956132
97738458
107482766
47657016
36008570
14692385
20531146
90067580
20611853
36303200
16746076
48785884
215060612
35649837
2057421
292586251
39551204
18225966
14710129
13787352
175619991
92348545
17493523
20104965
149726145
337742544
257126470
117543420
27333959
51228353
14445574
22662244
34192959
89403567
21526685
8775672
155823836
294190774
218447150
37290954
32340023
30966489
34312352
556167861
111556877
36117822
21013084
19927627
44163738
818340
3829151
31354874
144284168
14165865
71626835
91435342
40016838
14625398
34703080
32128783
126414592
65119912
76134291
23546948
250393216
70729202
43635634
90896009
49824572
89275103
28152330
173116059
21409208
23494080
10716292
40380203
72697632
17241895
17599655
479820033
42519612
15865878
80102969
77504008
24679473
95713333
305942420
48730516
390377012
44159179
22541235
8510242
46113237
238197721
110575285
40972132
23561980
325536115
48355898
29863027
26829539
34689980
54384394
120943272
104543711
6173842
426044697
58401873
168681472
37267983
15361389
20196258
23480093
24068280
21040811
384761809
32858804
152967331
17156000
63675003
18212352
39522848
15091877
61436635
17451742
18626783
6480732
217651919
14667411
47848627
143209628
10297
78974752
119617321
294185420
40756537
12798452
19552745
78402214
19802879
82932942
6705042
81011391
472032417
51219631
223299859
43425975
16956955
16129920
37508790
23779324
443215941
28049003
17636894
20436059
42958829
33633793
122533830
33995409
38271276
221921187
19818494
31676365
19608297
18742444
18785430
217458574
16331259
289578422
19338359
352534407
135789579
130734452
395314969
54275864
207936757
43633150
133824534
116798290
109184306
60709500
62415732
45110861
4970411
28265228
16723588
329865729
18148466
36273262
11207682
24742040
16492431
110509537
160574703
28576135
18982411
92184762
10880202
41280851
28207950
41692369
305062019
54021284
102769762
248882821
79292795
45629316
268947428
217545284
14085070
29226377
88723966
216264820
52672768
51634652
83855918
124455872
20410174
43298203
26051392
348674206
180066380
19373710
43283406
15008936
17498138
31048511
210334764
59265808
219454347
41099665
105242077
49988522
2097571
24963961
388472830
131351549
46484304
39730630
118857505
21741551
38267947
18791048
104288093
328957563
18142375
74773917
2898611
211872153
71980259
63135128
256363919
27911944
2545051
67059584
19287097
34994612
11340982
33602654
20528275
234141596
18197498
3840
14749070
130954977
88772397
110375552
87148957
23125412
47539748
34901394
14413075
14579905
316541646
83266010
41351472
28870086
93733494
107128390
39636450
20014300
40354705
501303192
18222599
15818391
22222761
14996251
44196397
284422688
293347282
74244760
43815496
16143986
17338082
237637607
22648737
61164648
14327149
16550142
50449246
19693287
16358939
28492159
72694909
37836253
2525131
14534931
37291805
16229735
37874853
43158428
820585
58462957
46671731
153996235
7400702
73050189
282735852
14955620
14260960
45493129
91478624
197962366
17877122
22413809
64496469
181589093
20280065
159119343
130339829
8824902
205836617
65137552
117129683
55018922
54616608
17471979
74501824
72047325
20514552
26582656
179599033
35376813
312860399
61133
17581754
139858167
20179628
14580438
218653398
104989762
116559622
12738892
63180039
91408245
277020058
11178672
16127205
174497732
35094823
23544268
59624844
41498727
32910267
39689218
40270176
113457756
21066137
73443014
17395987
236435969
246051305
38724356
185487499
76125540
42866071
30406287
47918137
15731368
61391304
17445752
21332348
117487209
145608536
18953259
243405235
271495538
36994785
52791522
19664718
28201911
5225991
65120103
29243117
9629222
325727410
26535267
377436335
20177423
40102504
234826866
88851192
3080761
16890261
221521761
52344859
265781635
188451901
40103071
35727881
54791458
24202701
69491538
14994465
217160945
137489324
53096146
60642052
23545799
159582860
22692199
18462632
414331122
19188848
253183014
78767466
15921304
15111011
15666380
362559400
154070583
75246510
19353331
69718702
20079982
14435488
14075928
15129069
313388943
30043495
26972770
19304788
50004938
5520952
16139649
163731088
13784532
63384510
18479513
24876782
20279424
137460929
127993465
158414847
31126587
38292798
16350668
90511697
28090945
215051592
59702413
9850632
27816957
68801460
16060342
84648798
41778159
43173208
22470995
64491983
24838521
30371516
16190278
39829513
27581773
342444190
22060294
16190898
5392522
16296057
112242274
41814686
12798922
16688083
128157057
325832193
26588937
54964162
23148248
26516984
43192807
22156181
102434415
139791861
16444606
6273762
25844958
114511353
19069547
684983
17836026
188421312
20391646
23873876
226923198
344822601
125688706
78231411
27796499
27676108
62167479
791124
30447805
14615871
20747847
308233424
66263785
22514881
8596022
20406050
188844665
191227452
221147815
19063472
14920785
123678437
54768482
33704304
15644999
44527648
89539134
14444926
17861062
494414941
4099171
16143542
11226742
317528802
71099570
281740036
117848769
47333523
89699362
21407290
17431654
18036280
34113439
22522178
389845002
22030851
56768257
24190981
14293310
21774546
32002507
76518929
18201114
185344587
340366206
2706021
21734241
14073029
35831704
14294848
53977189
18914814
136538699
32549094
6815302
24292300
8856442
547133364
36481477
294636267
14426048
243362336
191922531
22666034
245424983
27898683
42050545
80102659
24339213
381619137
19185333
20833944
20029472
66119889
130274094
88966735
81556396
17632640
15934926
66542823
21454322
289280528
10032112
15847644
5391882
21086501
369507958
26757599
24178193
129676826
238319766
23478416
68352132
15987295
40915934
27882000
255798674
753393
98955572
164596794
291918186
15743570
27592116
46443549
117145869
54187575
247120491
21373560
42052422
14454247
778057
21829242
18646280
2463721
96848570
76997832
230396421
98394664
16913772
28442098
1064051
76127114
49239873
32910351
61355746
461322616
147667523
27840161
23462787
37785849
17841725
24661623
79293791
17562014
38466098
124011468
44682832
69343575
60654735
81214292
15177163
91610203
15333636
252753618
5746402
16232843
49376698
407340870
26280712
2704951
26604704
109303622
39580052
93654953
21312961
25940364
382560919
80706281
369505837
38055617
78184379
15492359
50877931
41027092
10191272
19114743
42040091
263227378
34793170
71435985
15022633
29611918
18511475
399404516
49992096
130379269
20188834
22883726
71922851
28947545
51202864
95486467
96783382
71605964
25170188
142909668
90694084
383493565
19740592
621533
16243938
64437163
40572559
17449315
20728488
17462723
158865339
15140284
515722353
18949452
113897988
17560096
7712452
11348282
80373769
14787095
16931625
12836562
36108089
115818447
132389474
58528137
40524721
18020081
14957252
66434170
15094180
134392824
69671186
234062645
78419512
234489403
213773366
78722987
8369072
25725698
392447726
178479158
42354756
14022672
17568791
118626543
14192680
23822236
295325513
24916429
9695312
188001904
14153020
18465629
6604072
45487007
84432479
29879795
28165335
16031927
11026952
46568504
114463083
17672775
17797348
16228398
287453334
92549503
64418855
10810102
57769060
15099384
15205600
301712630
23508439
173996982
40252336
15450595
53184267
50055701
16721910
34123894
16072676
305931821
2030711
34428380
156733266
26787673
621523
22626365
16043308
20065440
313899143
18228075
19058681
17112878
111199728
17368405
21999730
36311369
633
40901712
66432209
33276161
5763262
69107668
103467620
18927441
6650602
533486574
14321959
16567106
19955482
19512493
82282572
20545055
420318016
93993462
39764029
112150907
131565495
668243
36666490
48259431
16124187
16224717
50799351
72235760
39434755
70722719
112283476
41602160
26799530
101896529
80685120
36139166
78381071
87403396
267568419
21470979
19798578
111222527
752673
8312862
16395449
18091925
326371495
17968901
474439904
46957344
18297088
32127835
22685638
269628033
61245989
23678071
246401452
526316060
25572420
381565337
122034654
32729193
18676369
15259106
10615232
112964469
44783853
30972802
8115852
55699429
25937606
62588834
386510575
28165910
24886570
31296704
18906561
14112296
7744592
26090319
71256932
84170474
95749490
140145170
118780654
6480682
15175368
47547402
14288822
17161241
58545637
45629899
53093801
770759
26213879
5758642
108230576
80815716
15771854
293722201
37807048
164242095
26334909
48492831
109660695
299308275
172814159
75641903
19780223
20225875
82134568
30513101
189258194
229399494
105297123
11107172
37997708
92410517
18746273
16020435
156797347
44409004
22506222
56864092
14245378
82306946
28587919
351230948
14982315
426909329
145499533
16408315
175624200
86156194
32343441
94745880
85616209
92931185
15449147
158126576
282193031
97190495
171276528
81906564
41245753
351730761
73992972
759251
57747123
172933437
17494010
46195370
31407388
15087011
14111650
5649672
106685238
66629039
20660146
19554706
26961480
14148063
256889809
15249082
32985158
37710752
90246174
15985455
19191229
14621024
140070953
16014435
16517711
25382170
8622212
108662105
15446531
21566455
39025860
9639502
172896656
173375588
15216270
71174380
17350250
197594920
17688797
7753922
27181156
216446925
16421419
66300747
18767699
33015155
9692022
303978541
281129530
14575846
63246339
208064959
16193325
67574905
97566975
7717612
24833731
36554168
26324823
19090300
87520051
51140674
48488561
27942809
16029705
36843988
57995617
14885860
137536523
21560443
54730258
18938604
20474740
109094189
22461427
24783254
240803165
107225267
140154156
37112942
27085401
64331621
381090926
49574044
74838816
38227874
41237381
25395727
17197344
271310204
31583882
261015235
96821645
16490974
204962218
180540375
16343608
26250338
23737582
126139466
15471245
19952246
12369372
15661871
48654999
23970102
83206131
7857092
93058809
21211181
14129299
19479895
227838448
70436289
811303
176872879
34274380
18907022
28472888
14331688
153918448
23697509
16827489
43909630
49573859
13557972
151524224
24639382
14465607
98677089
95070702
20737911
309249823
294069982
19180118
182824991
287858728
58489734
172904695
25068332
16661296
25234311
25560344
12626962
114870265
61019697
155507136
64205340
27726303
18993601
51999405
205302299
22575307
43195617
34991732
33978449
69151411
18880638
43197610
16409781
119224456
57017317
14389658
24511456
84499860
53190034
14266598
311989458
36364029
325966046
132739600
16463030
36451558
26288526
19038395
258868912
17552077
93017945
2257971
97174186
46278988
131170751
117237387
19654807
61312712
27023088
240606817
74974943
38592610
53039176
64826699
50706100
66981416
110458336
18918008
144003355
18134834
15140362
22037660
119166791
23464695
16955870
19674502
18976324
17105214
35765232
25173006
46073276
9207632
9313022
100367386
27260086
15018214
57741304
90746809
79943236
73129083
87407293
492526534
189328634
7424642
46345843
37397428
16089456
47532218
109233933
244616510
82473475
70794696
810424
169207084
16577001
18657864
130012095
43144245
36370563
25432501
149003532
557177242
25845428
30344445
30315557
111323990
320463544
62121556
52660746
117839957
15117459
94083901
21356261
99811494
24285686
57625403
21904217
14219877
35810531
121574840
34574063
1059801
18346587
254106507
41077970
109659449
87421438
25180501
69391440
50944856
40935664
17409240
34381861
15430687
45205091
112593696
96184837
44034935
23218693
37360597
17193794
103746213
279810574
783705
19604744
446712660
69107103
15151711
164827760
57982473
17865039
281390508
8735592
4921131
105001809
23575595
17864127
18130749
58396771
108350146
31926058
40932856
9759932
117189136
30338263
174889139
26792275
28614262
41741187
22017602
119643719
14992840
19365523
124168590
18173624
21768766
28241077
32765534
50687788
10774652
36681590
16371289
15564045
62589395
23122371
12319862
22516671
52613032
458301088
299877298
336680499
28384755
385684663
24727891
14287409
96717383
21556071
314291438
33051095
49883265
59814196
18949610
14772687
553987140
22185437
28379556
39252219
46186400
7081402
14843763
18735898
501794095
65289126
25552666
66441732
18080969
26906309
29341990
18025557
115650417
14595574
19850057
7429102
29307276
23472124
17994536
141598384
25237002
22598623
14519984
243284052
16651871
23421193
52484614
15463671
18994444
19338615
239760107
76936279
15655027
31310158
22676703
20291791
34068984
131003583
14222518
20164131
378779638
41302071
18915240
25403689
89556802
155544257
19412366
23065354
26281395
77645932
31019764
436702610
16955991
78408666
34012808
76090255
34992644
499107151
27064748
56413858
34918353
36114716
16892481
18216186
15818399
50835878
23935121
19426551
55905534
170424259
19727381
15970050
16895274
17898821
163732340
41980930
62740714
153457964
15884394
59158298
18307793
57371662
62643489
80687374
22619707
16029780
28534252
141664648
19212622
18224555
76091935
34437253
24342206
216030263
24871896
808627
275197798
29328707
30293070
249948422
22822407
36670025
31119337
37666026
161482772
276715917
30023371
40837929
53985952
23041630
44851838
36743910
52974864
234270825
14837184
101858534
11009852
389081073
19816047
29458079
116043213
59736898
57507026
57033388
20661539
19677343
18990471
14255846
50901091
20031977
140099977
29255539
23788393
15639642
30915849
41889498
94038792
99955374
16343974
25434595
82143937
118599144
19370618
73417273
227655627
69181624
22331721
12513472
22138182
17814938
69506097
16120312
225420563
15294787
6761682
19354734
21360626
65412757
29123186
27901418
64405759
122555803
27457788
1976841
231745426
22536055
20707966
31163255
17835445
16533079
15796976
26103389
15649594
1917731
61353269
18061792
21279256
18744957
31444568
41828516
211955846
28638191
14757212
27919009
785347
290216175
53513002
7212562
41866944
60818204
39837477
252543357
30536849
14291684
26257927
152800843
20271926
286703
4465521
16135536
18199523
8962882
12946892
342327238
21144947
16469809
18244358
21446327
40148479
245280998
19197186
54139776
214620546
18444530
6708952
20642310
20960901
88593058
329877981
45629159
16000318
176566242
393053595
21619519
46284762
29512806
351062478
9541782
32116654
128453740
81756964
57062178
67232748
26369893
492399548
62760327
24282101
51285915
34383080
14363353
18630583
29796303
47643831
661163
16736535
64823914
36427202
9856232
49315012
42313640
97613366
21089219
336124836
48336713
17638368
97465432
17638367
184636315
20962674
105574103
33473521
18159470
66862939
309110839
160946337
24560836
84249568
85215038
277889424
23807048
20166674
40688267
33658564
82160486
555328808
43302753
34507480
82655893
33578780
126458229
431429137
2735591
14094741
18625021
8008212
14561327
185412764
19081351
28659242
30874775
31093615
8790412
21245956
123071061
30484024
24573827
284908506
173992307
30918702
92095091
48108211
22749632
217076406
5357812
135577953
293762864
14649689
1367531
26788841
140233086
209169572
19673276
12011422
69427169
322233489
19778449
21589822
17918704
5722742
22811937
87165980
346720096
17881732
51574477
43952326
67381805
38907408
20169695
29701712
72644483
11435642
67197351
16008484
14765585
858051
16334857
225411266
52847728
15340816
151360659
84449853
88763317
34743251
48114554
374129770
29756339
50600062
101566422
16186949
17014435
48117116
33654443
24612032
94710817
26510602
54626053
91220126
35831627
273542042
32893732
173965448
57100687
327144842
133178410
24529777
35761106
313070057
28211096
259392555
45609049
51643837
72414281
87416722
9866582
18964252
273181052
94341868
180821354
45772968
16636510
126106012
384685037
66408053
258617880
59804598
61889023
106592799
360453582
94609529
33599142
50940456
30849103
15633653
15965292
16613128
158561160
31331740
75896448
20166278
49931119
66021490
37268231
28486596
266008957
10921932
20100423
15675138
59145346
45607402
31369541
82939583
70735167
36025832
551433993
53374954
16186601
14451605
252771949
366167961
18957524
89731752
278708637
16452299
15316815
245964322
290876018
24744541
9730472
127566622
22720074
131785626
38232487
612473
107872957
108738277
21029619
28297965
180505807
64403845
61636429
18805644
299112358
62065567
22009780
104066691
30508215
74791999
31957731
39887890
42026024
15414807
19564171
67713651
19639085
24929621
93440716
91041719
13479
41110545
11498532
15827434
64643056
32515106
18845207
484417651
792907
32117870
18347771
38518860
316444900
18222378
436292177
49539854
326177928
18481050
69008563
67634814
18772143
19223644
35472060
275400224
158006058
251489444
273201528
40342628
169572927
14191383
30432667
23053505
28223477
15438420
11856442
11178902
146290693
112833037
36728196
122482029
90416226
24943151
144076256
26779967
119771348
138377547
19341413
42977712
282100055
91838813
42533748
36065771
46393249
17505100
19678610
87080278
60742949
13491312
5848412
29293808
73273614
325830217
205392468
54260419
98691222
17648905
134887156
16807921
41265813
265554862
133115088
17852343
19416833
29216764
30271564
30016700
20630639
85961526
71469543
16235700
160320536
19086456
112833778
756278
532929138
26347170
19299909
15296009
17999274
366971503
34140316
14563376
30583657
43024351
7215512
59347826
26843564
31927467
33408821
25103967
194426031
240253031
137029829
46681100
116904515
12
19564489
611823
27476898
23027648
16409683
15940523
31451582
54930002
18957315
44578328
39204454
37786155
129879105
18950838
29514951
20635016
129575180
67728650
35175054
36314303
13213122
37591459
47636400
9624042
166718532
19113374
117093671
25524289
266288963
229340889
91390383
45436498
280582344
29871826
15764644
14714825
117821354
294198566
17169320
18128265
416963802
66244710
17454769
164998160
124011390
177681327
106492441
8383592
44039298
81277268
399933
22734582
17349900
6519522
23951197
84155547
479809444
85723759
462554903
29713877
23738026
441788343
102003954
154175423
64926647
5921162
94141566
556092287
19537263
4170491
19791490
254195953
67819221
27814665
102446093
15087120
54999357
42583325
54991635
223959958
46527223
95465386
305216911
19575977
28349128
40032278
14622632
5627542
216444984
109779106
28644174
360172409
65668018
123131005
180755368
196349362
562709391
232193350
25533163
16212685
113420831
37344334
265826890
18462653
166293108
37955193
14287474
19644592
18614747
6208052
1192
36542282
52883238
71429309
34171224
108983630
166739404
10373972
36139712
15378041
286312281
125481462
486900479
14415105
14415108
115710058
210916584
17044233
181750109
7861622
65609714
28583197
11347122
17017636
16742420
18194219
42162472
42793960
36683668
9624742
20543416
21282551
17901282
36704352
371465104
20120818
40519997
40878677
21095368
6427882
30783939
66544351
19966557
449349346
167122787
18922329
138787319
153487290
23341766
68441962
74189049
37281592
20790079
50965086
21718006
16378093
34669164
259315354
50115087
169394390
47965577
31130639
15698507
414379328
29330632
16031536
15670515
18518096
23989491
16493390
91153630
45628980
25041297
18494981
21388284
11250
12044602
4517721
66583191
78262975
142267670
106414856
18812301
19238548
26892157
41872762
19679993
20978103
262856460
15981547
54978190
20515845
7001272
25553507
124003770
9411482
270372236
26705414
18999683
14800270
18170896
58550415
17004139
304669638
14874480
49588164
507762718
28226601
62203990
19028953
8074522
15639558
9779032
31123109
26683141
369697377
14104847
15515169
14755492
110485995
42883800
14711077
29991832
110931812
487412249
212266188
20899023
72814599
242624244
22059385
17866596
51646025
16634301
110492713
10111462
172634213
78084813
66369206
28041769
23789698
38180018
15891115
105119490
16245906
14997400
29663668
14955908
119659524
35981445
264498030
6446742
7495882
16703744
41995398
210419552
90655480
127156294
34128235
123738178
9636632
16168119
41269095
16550628
203261300
24864581
23484067
21111883
5688592
17595958
16708655
19268706
61853389
9506392
75670153
20584681
117218161
14366556
19869102
56436152
56783491
88956373
17004618
101879887
197636903
17328222
99209502
87402281
21442298
1068831
22558898
46714660
29238505
27726076
1294231
407977463
97319539
28530769
17001435
36026886
79699927
109571377
342130924
126119256
169632624
59199168
14268564
89690502
18032507
211633957
58309829
53358442
7670202
78021630
29852317
17002185
53295087
20052728
199349169
15773009
80096621
17883975
21623308
67169342
56475887
22736223
44060695
26946348
37699718
255747911
234744365
16966162
44474671
38293759
5868402
16425197
168101329
15387839
29628889
251496825
17814635
196142659
3646911
32122637
5971922
47608522
17825445
90779436
24827451
50157639
205242337
36412963
112848373
16530463
314136785
15574534
19494097
14125800
22544911
93714983
8841372
63786611
94891659
141341662
63172203
100312878
32134081
17859255
24737068
33547457
36832167
26548315
23702397
52066462
333615851
17997467
214895944
48844884
304063073
66967746
486911734
338596872
20600708
13687132
36686415
161456486
545558899
114885858
66439253
17804411
409486555
19946150
18812572
37570179
112744392
14890490
180463340
15092914
33623812
30942099
204980873
41305464
18736652
75713796
463194918
214791922
59602642
15827269
14091091
78194111
35324363
22424985
201132310
18715024
178077812
233386754
19544055
15582769
25565646
298250825
96423812
23868599
45112524
411202965
342887079
461697741
40838623
116498184
208221645
90098789
823860
18605897
12811952
69860260
44215023
55338862
755452
11060982
667563
9451052
19262500
377385039
24776235
15128159
20868446
18633696
16642886
319038558
97041697
2521001
57094856
17725964
69523166
17498493
226009011
418
75974281
90420314
28759876
208697224
61061751
28239474
128614814
69110882
17000457
43170475
102269229
533501223
48485771
111428431
22558481
324
19766517
65525881
74231747
53420694
189376144
105106802
81396783
103865085
18720595
533423839
121341102
289456806
18785654
22540123
30345764
14163722
25434201
95048311
8695932
20518567
14835425
44053019
136361303
123044076
67719573
386654472
1090141
108095136
29799118
15439395
29739553
19878121
337726224
265785888
32950792
32309662
14934818
17310915
15847889
22541249
35415477
29463928
18891923
366322025
63485337
56741549
226671219
23217907
52070270
19043237
41716273
36719281
262310943
48890812
251633354
130954892
15473958
53717630
18545675
252429764
16994709
46116615
36606297
18900668
231854033
39534501
16339799
84303782
27976174
352503542
388521369
16667262
108884683
66164717
16472748
23632910
39596678
35764757
294199283
14996376
277431423
678953
224285242
763699
126169000
43996908
21142831
7152572
83112392
39384517
21368060
16176838
80420672
5698342
92551013
21891735
98980596
20270659
14075836
84129740
14478836
30282704
264281499
17967491
292071258
118306958
82766665
16175507
41259253
22175551
22841103
293850289
50016578
21010253
247114704
53834054
81055599
92842008
16618332
26282365
4898091
80954278
15913
44438256
73058561
71331671
22814630
746323
15824288
81891054
15926078
17225211
18036441
23839352
14238142
264580502
15627347
172887151
42472972
87595338
46479217
73473531
114866624
24766630
33443003
299873174
20028484
78508056
130600864
32135704
34305899
87818409
24717966
18983793
53184837
50851703
130991061
14514804
34940839
241382835
6978642
15679641
19041357
24083901
67235369
23372997
100077645
16365305
114729566
309516587
42820699
309937733
16648790
28587570
38127255
376115787
33694840
21139660
17372386
81040058
24431892
38531995
41896109
93711247
31946025
75296671
34378367
43822174
813286
26885308
29206353
42226885
9340912
33454142
52105049
15279452
18554818
17062358
40981798
6297852
34396691
61426538
8329582
91919470
46279037
260433129
53120768
77444951
76133
237403203
16143420
16083576
18217117
56773228
196277177
132022097
41456486
14133970
23859156
20561154
39364684
153810519
44638576
34328532
16664681
28207101
75016467
119875281
43139414
15922214
63004503
97134008
66483027
15759202
22883913
46252298
23690344
255644127
117778179
117668566
15032736
6070762
116757352
86422542
125656811
346257165
6022072
122092164
299798272
76545864
31189628
461493636
86070159
15435136
1140451
296407169
27678749
65184105
16621525
483242192
26250530
38728521
18458348
46957051
89084561
35551733
86642038
254273427
73731253
26003862
12405142
92346731
16099291
329319068
15897465
64826919
414334713
286311652
31447081
13436432
92357649
411915972
22708797
27064072
280086764
27869226
16027638
75206471
92359611
15808765
104406880
16705661
34720571
15411998
275686586
64510593
15110431
169331241
57917441
33458339
19832580
34572451
107172099
61933836
17937654
106875918
27042513
157947389
15754281
83590349
23092890
39538010
19324146
19329393
15199539
8892822
63273064
103993849
21783950
38006510
18182371
116351673
76734794
18216080
144112800
169274239
238475531
17222440
9460682
188841274
360099026
347409507
14377870
16528607
153439481
42744294
27760317
100649666
36655928
21409847
245494691
130922325
426785321
15658980
57420624
14049145
180509355
192318065
233389055
64544431
359611670
92338731
235441031
17597716
97315431
36146253
19983599
86390214
14600116
28134825
16817883
80696032
742143
64780470
16399949
21636840
82730691
16580226
7313362
72936595
31469906
105001940
28420827
42938024
21056862
30231097
53178109
92943741
61903300
17782228
82978967
218167872
34663865
3004231
40766251
169693203
7376382
414304780
7861312
19400611
45564482
99570517
58233603
17099631
14066024
50780782
19784831
40054423
93337937
18510860
89503894
79238164
39636684
34386708
27930140
52800910
862681
34722669
19778050
19017659
13
52319883
50515656
20167139
44935627
9595022
33811461
17993516
17296792
34739408
24229391
53144417
197533538
46694497
65680082
76122124
92953444
23439801
2890961
111400999
21449197
15599371
11856422
67037606
34775386
21536398
28185459
32867432
34450688
16365636
27778893
27939638
14180249
18665800
14995801
28669612
14676022
517030245
14372143
15769327
115733549
56557940
288452305
24502450
74294087
20265254
22940219
52284349
17384099
84125491
69677863
15564035
295227803
14417563
29522683
24264939
186404598
18210908
21154526
21611304
15009761
5988062
147558951
19543936
24830236
33515703
12101862
70314632
242813383
449462207
16722167
17137891
10668202
17732153
29236490
63842980
218523764
361564025
18309277
381990922
46507901
22294967
147459629
335641572
14946999
19179482
32939851
84447226
34104616
9252212
38519315
30840927
156122558
258951612
21314199
50626884
19081001
41272328
24334685
89366493
199037540
68540316
14729099
17134268
34356968
16685316
18209411
30966948
53371665
17611683
5511932
67321989
94338259
17053662
8082302
2053051
125637896
82838362
20124555
58842669
11856342
171154131
21991753
37759047
118958259
18151654
20217658
14940354
121774110
46816187
17683676
272609335
334265394
274151347
54923609
235679793
25189194
15470403
34370797
24286351
19790261
18148132
24277551
16536215
125400908
21999375
47854857
17221819
16378486
239971233
59524045
27649623
146449017
47945492
36829088
15930616
2024911
151129779
211848704
23709347
28665877
69394398
8437922
39852136
275101840
14803701
16581604
304794994
22952231
8279892
19509884
21682847
25460615
122488117
67727882
16540829
25984418
88069914
16910406
105918870
44212434
17842366
191613738
20076000
36806880
242038666
109287731
243230859
48742856
19912974
18408253
20097342
39097715
44394333
15888248
48091346
71374131
383044849
89014429
105263800
378171907
1035491
4119741
76635157
55051514
64496398
54795290
339994942
82453323
135895585
21838634
121842401
47345734
14717197
27114180
14834340
555449268
108382988
70965664
30630104
15846372
216765454
107796550
37601149
28951400
99972077
2450021
19793752
219170526
14607172
343044739
26211782
42912024
82030021
163001025
325703197
19553409
90676132
320861945
930061
49081543
48398586
161414795
43406369
182360370
331532307
22502646
14230524
61009431
116082971
45828719
23116280
16004411
40005006
10926202
21008297
28404196
142614009
71523292
296348666
466919194
113259902
68844197
28583673
25589776
49492585
36961631
17800696
17565514
20541992
239172505
161791703
16028241
426577963
26778761
54986035
42973972
17076218
181273840
183116083
45062730
454340464
19618527
137577752
86395621
42982108
82652901
5402612
19494203
231175831
22019881
38527116
106207497
60649803
157044469
16437488
476675010
71122815
14055301
45742889
35773039
58748818
282811556
21522338
531699236
40908929
103937052
15801295
43289545
158769098
22937176
16681111
17026041
289390002
61604894
18576495
65493023
151106990
19181276
19960906
113514650
48821786
24966423
49969223
80690399
15416505
72356340
90964854
18470775
79366215
